learning evaluation instances,evaluation time (cpu seconds),model cost (RAM-Hours),classified instances,AUC,sAUC,Accuracy,Kappa,Periodical holdout AUC,Pos/Neg ratio,G-Mean,Recall,KappaM,model training instances,model serialized size (bytes),ensemble size,[avg] model training instances,[err] model training instances,[avg] model serialized size (bytes),[err] model serialized size (bytes),[avg] tree size (nodes),[err] tree size (nodes),[avg] tree size (leaves),[err] tree size (leaves),[avg] active learning leaves,[err] active learning leaves,[avg] tree depth,[err] tree depth,[avg] active leaf byte size estimate,[err] active leaf byte size estimate,[avg] inactive leaf byte size estimate,[err] inactive leaf byte size estimate,[avg] byte size estimate overhead,[err] byte size estimate overhead
1000.0,0.125,4.555719594160716E-9,1000.0,0.7077777777777777,0.07324724768670117,0.99,0.0,0.0,0.010101010101010102,0.0,0.0,0.0,1000.0,140880.0,15.0,998.6666666666667,34.21709402929367,2944.0,0.0,1.0,0.0,1.0,0.0,1.0,0.0,0.0,0.0,0.0,0.0,0.0,0.0,1.0,0.0
2000.0,0.203125,7.403044340511163E-9,2000.0,0.43705941591137965,0.002798219642571966,0.993,0.0,0.7077777777777777,0.007049345417925478,0.0,0.0,0.17647058823528874,2000.0,140880.0,15.0,1990.5333333333333,46.83079979590154,2944.0,0.0,1.0,0.0,1.0,0.0,1.0,0.0,0.0,0.0,0.0,0.0,0.0,0.0,1.0,0.0
3000.0,0.25,9.111439188321431E-9,3000.0,0.7694500335345406,0.005877040775980682,0.994,0.0,0.43705941591137965,0.006036217303822937,0.0,0.0,0.21739130434782986,3000.0,140880.0,15.0,2989.4,61.491927460904456,2944.0,0.0,1.0,0.0,1.0,0.0,1.0,0.0,0.0,0.0,0.0,0.0,0.0,0.0,1.0,0.0
4000.0,0.359375,1.4253051227165592E-8,4000.0,0.6219758064516129,0.027393339547654657,0.992,0.0,0.7694500335345406,0.008064516129032258,0.0,0.0,-0.03225806451612533,4000.0,181712.0,15.0,3983.5333333333333,60.407978028765406,5642.133333333333,118.98491300921108,3.0,0.0,2.0,0.0,2.0,0.0,1.0,0.0,0.0,0.0,0.0,0.0,1.0,0.0
5000.0,0.4375,1.845305733796623E-8,5000.0,0.9179179179179179,0.006129861167032424,0.999,0.0,0.6219758064516129,0.001001001001001001,0.0,0.0,0.8437499999999989,5000.0,207808.0,15.0,4983.866666666667,63.40331972681683,7365.866666666666,1183.329797446092,4.333333333333334,0.9759000729485332,2.666666666666667,0.4879500364742666,2.666666666666667,0.4879500364742666,1.6666666666666663,0.48795003647426655,0.0,0.0,0.0,0.0,1.0,0.0
6000.0,0.484375,2.114050504234102E-8,6000.0,0.8574848790322581,0.021448296066787383,0.992,0.0,0.9179179179179179,0.008064516129032258,0.0,0.0,-0.19999999999999335,6000.0,221616.0,15.0,5980.666666666666,79.45948353601044,8280.000000000002,675.9881655768837,4.866666666666666,0.5163977794943222,2.933333333333333,0.2581988897471611,2.933333333333333,0.2581988897471611,1.9333333333333333,0.2581988897471611,0.0,0.0,0.0,0.0,1.0,0.0
7000.0,0.515625,2.2993125538859104E-8,7000.0,0.7077026572485705,0.05515413313552404,0.991,0.0,0.8574848790322581,0.009081735620585268,0.0,0.0,-0.2857142857142857,7000.0,229160.0,15.0,6977.400000000001,79.67684732718784,8781.333333333332,72.29568912920519,5.0,0.0,3.0,0.0,3.0,0.0,2.0,0.0,0.0,0.0,0.0,0.0,1.0,0.0
8000.0,0.578125,2.678477257076237E-8,8000.0,0.699497487437186,0.0175762465412863,0.995,0.0,0.7077026572485705,0.005025125628140704,0.0,0.0,0.2592592592592623,8000.0,234504.0,15.0,7989.533333333332,90.70979366455789,9134.400000000001,884.064380331788,5.2666666666666675,0.7037315505489968,3.1333333333333337,0.3518657752744984,3.1333333333333337,0.3518657752744984,2.0,0.0,0.0,0.0,0.0,0.0,1.0,0.0
9000.0,0.609375,2.8685123349229495E-8,9000.0,0.6576884422110553,0.04153348950963168,0.995,0.0,0.699497487437186,0.005025125628140704,0.0,0.0,0.23728813559321746,9000.0,235064.0,15.0,8997.666666666668,93.18466049935985,9171.733333333335,982.4278575234392,5.2666666666666675,0.7037315505489968,3.1333333333333337,0.3518657752744984,3.1333333333333337,0.3518657752744984,2.0,0.0,0.0,0.0,0.0,0.0,1.0,0.0
10000.0,0.65625,3.172967505330841E-8,10000.0,0.7093596059113301,0.026323815531708216,0.986,0.0,0.6576884422110553,0.014198782961460446,0.0,0.0,-0.917808219178091,10000.0,251064.0,15.0,10008.4,100.59238823802008,10228.799999999997,1981.110338024759,6.066666666666666,1.486446705914413,3.533333333333333,0.7432233529572065,3.533333333333333,0.7432233529572065,2.2,0.4140393356054125,0.0,0.0,0.0,0.0,1.0,0.0
11000.0,0.71875,3.606808604672551E-8,11000.0,0.9077800134138162,0.03789226989018596,0.994,0.0,0.7093596059113301,0.006036217303822937,0.0,0.0,0.16455696202531528,11000.0,268320.0,15.0,11014.466666666669,95.4641792706012,11367.999999999998,1470.564517455797,7.000000000000001,1.0690449676496974,4.0,0.5345224838248488,4.0,0.5345224838248488,2.6666666666666665,0.4879500364742666,0.0,0.0,0.0,0.0,1.0,0.0
12000.0,0.796875,4.176354397916131E-8,12000.0,0.7652469758064516,0.05033083255408078,0.992,0.0,0.9077800134138162,0.008064516129032258,0.0,0.0,-0.1034482758620732,12000.0,281800.0,15.0,12011.333333333334,75.81148298497351,12260.266666666665,1236.62902779328,7.533333333333333,0.9154754164341268,4.266666666666667,0.4577377082170636,4.266666666666667,0.4577377082170636,2.9333333333333336,0.2581988897471611,0.0,0.0,0.0,0.0,1.0,0.0
13000.0,0.84375,4.54240297484729E-8,13000.0,0.7078147774414172,0.03626252429227783,0.991,0.0,0.7652469758064516,0.009081735620585268,0.0,0.0,-0.21874999999999295,13000.0,301856.0,15.0,13006.666666666666,69.80755860288505,13584.533333333335,2077.1903367862305,8.866666666666667,1.1872336794093272,4.933333333333334,0.5936168397046636,4.933333333333334,0.5936168397046636,3.0000000000000004,0.3779644730092272,0.0,0.0,0.0,0.0,1.0,0.0
14000.0,0.890625,4.953446073664559E-8,14000.0,0.7647783251231527,0.07673479299371683,0.986,0.0,0.7078147774414172,0.014198782961460446,0.0,0.0,-0.7818181818181746,14000.0,338960.0,15.0,13999.133333333333,80.35445286502846,16037.333333333334,1293.672218733869,10.333333333333334,0.975900072948533,5.666666666666667,0.4879500364742665,5.666666666666667,0.4879500364742665,3.4666666666666663,0.5163977794943223,0.0,0.0,0.0,0.0,1.0,0.0
15000.0,0.90625,5.096158323188622E-8,15000.0,0.7492408906882592,0.05773746892453779,0.988,0.0,0.7647783251231527,0.012145748987854251,0.0,0.0,-0.47540983606557646,15000.0,353056.0,15.0,14986.666666666666,91.40073981153128,16970.666666666664,764.8008766681568,10.866666666666667,0.5163977794943222,5.933333333333334,0.2581988897471611,5.933333333333334,0.2581988897471611,3.6666666666666665,0.4879500364742666,0.0,0.0,0.0,0.0,1.0,0.0
16000.0,0.9375,5.390184621016184E-8,16000.0,0.8207452165156093,0.061328542275238776,0.993,0.0,0.7492408906882592,0.007049345417925478,0.0,0.0,0.13178294573643037,16000.0,363696.0,15.0,15983.066666666668,71.06482620684808,17672.533333333336,1187.0095598764544,11.666666666666668,0.9759000729485333,6.333333333333334,0.48795003647426666,6.333333333333334,0.48795003647426666,3.7333333333333334,0.4577377082170634,0.0,0.0,0.0,0.0,1.0,0.0
17000.0,0.984375,5.857805566241343E-8,17000.0,0.8600201409869084,0.06605159474402457,0.993,0.0,0.8207452165156093,0.007049345417925478,0.0,0.0,0.125,17000.0,385616.0,15.0,16985.866666666665,73.49622601260072,19122.133333333335,1258.7212256133303,12.466666666666669,0.9154754164341273,6.733333333333334,0.45773770821706367,6.733333333333334,0.45773770821706367,3.8,0.4140393356054125,0.0,0.0,0.0,0.0,1.0,0.0
18000.0,1.046875,6.493627248952786E-8,18000.0,0.7715151515151515,0.03409142004349709,0.99,0.0,0.8600201409869084,0.010101010101010102,0.0,0.0,-0.23287671232877463,18000.0,393240.0,15.0,17975.0,91.81347551266258,19627.2,1395.5121538089782,12.733333333333334,1.0327955589886446,6.866666666666667,0.5163977794943223,6.866666666666667,0.5163977794943223,3.8,0.4140393356054125,0.0,0.0,0.0,0.0,1.0,0.0
19000.0,1.09375,6.976488900060454E-8,19000.0,0.7436932391523713,0.02692374452072055,0.991,0.0,0.7715151515151515,0.009081735620585268,0.0,0.0,-0.10322580645160895,19000.0,398184.0,15.0,18973.933333333334,90.60626489429536,19955.2,1567.7836585447621,12.866666666666667,1.1872336794093274,6.933333333333334,0.5936168397046637,6.933333333333334,0.5936168397046637,3.8666666666666663,0.3518657752744984,0.0,0.0,0.0,0.0,1.0,0.0
20000.0,1.171875,7.844268111512064E-8,20000.0,0.8708080808080808,0.04847633635563965,0.99,0.0,0.7436932391523713,0.010101010101010102,0.0,0.0,-0.2121212121212162,20000.0,429360.0,15.0,19965.133333333335,89.14904587797005,22014.399999999998,1484.7282002344496,14.466666666666667,1.1872336794093274,7.733333333333333,0.5936168397046637,7.733333333333333,0.5936168397046637,4.0,0.0,0.0,0.0,0.0,0.0,1.0,0.0
21000.0,1.296875,9.323674021288752E-8,21000.0,0.7874111675126904,0.04704131005555757,0.985,0.0,0.8708080808080808,0.015228426395939087,0.0,0.0,-0.7500000000000032,21000.0,457488.0,15.0,20965.4,92.76683520680109,23873.599999999995,2145.096095083588,15.799999999999997,1.6561573424216494,8.399999999999999,0.8280786712108248,8.399999999999999,0.8280786712108248,4.0,0.0,0.0,0.0,0.0,0.0,1.0,0.0
22000.0,1.359375,1.0074759807644617E-7,22000.0,0.8417171717171718,0.07277320033017647,0.99,0.0,0.7874111675126904,0.010101010101010102,0.0,0.0,-0.15789473684210256,22000.0,464528.0,15.0,21961.266666666663,90.61966568865554,24339.73333333333,1729.1870702181195,16.06666666666667,1.2798809468443693,8.533333333333333,0.639940473422185,8.533333333333333,0.639940473422185,4.133333333333333,0.3518657752744985,0.0,0.0,0.0,0.0,1.0,0.0
23000.0,1.390625,1.0456686140969394E-7,23000.0,0.7076679614443965,0.08907098273147848,0.993,0.0,0.8417171717171718,0.007049345417925478,0.0,0.0,0.1827411167512672,23000.0,472424.0,15.0,22979.600000000002,100.83706801426928,24862.93333333333,2251.6835436962224,16.333333333333336,1.632993161855452,8.666666666666668,0.816496580927726,8.666666666666668,0.816496580927726,4.266666666666667,0.45773770821706333,0.0,0.0,0.0,0.0,1.0,0.0
24000.0,1.4375,1.1042032080392041E-7,24000.0,0.901335685483871,0.03801363618431495,0.992,0.0,0.7076679614443965,0.008064516129032258,0.0,0.0,0.06341463414634095,24000.0,482696.0,15.0,23965.666666666668,93.90547425596728,25542.933333333334,2123.8603487405617,16.733333333333334,1.4864467059144135,8.866666666666667,0.7432233529572068,8.866666666666667,0.7432233529572068,4.4,0.6324555320336759,0.0,0.0,0.0,0.0,1.0,0.0
25000.0,1.484375,1.1642405297607183E-7,25000.0,0.6130292338709677,0.016366013316551034,0.992,0.0,0.901335685483871,0.008064516129032258,0.0,0.0,0.061032863849761344,25000.0,495088.0,15.0,24959.933333333338,107.97385044978466,26362.666666666668,2140.5338008031904,17.266666666666666,1.4864467059144133,9.133333333333333,0.7432233529572067,9.133333333333333,0.7432233529572067,4.533333333333333,0.6399404734221844,0.0,0.0,0.0,0.0,1.0,0.0
26000.0,1.53125,1.2256767755995194E-7,26000.0,0.8551287584520213,0.04700497113093166,0.993,0.0,0.6130292338709677,0.007049345417925478,0.0,0.0,0.17272727272726687,26000.0,506624.0,15.0,25947.13333333333,102.43176590621941,27125.333333333332,1909.47512109879,17.799999999999997,1.2649110640673518,9.399999999999999,0.6324555320336759,9.399999999999999,0.6324555320336759,4.6000000000000005,0.6324555320336759,0.0,0.0,0.0,0.0,1.0,0.0
27000.0,1.59375,1.30859164831539E-7,27000.0,0.7709090909090909,0.06531328933781022,0.99,0.0,0.8551287584520213,0.010101010101010102,0.0,0.0,-0.1739130434782671,27000.0,512808.0,15.0,26955.533333333333,101.92284663737873,27534.399999999998,1564.2760443275806,18.066666666666663,1.0327955589886444,9.533333333333331,0.5163977794943222,9.533333333333331,0.5163977794943222,4.6000000000000005,0.6324555320336759,0.0,0.0,0.0,0.0,1.0,0.0
28000.0,1.65625,1.39202780297233E-7,28000.0,0.8385836693548387,0.0307128059084838,0.992,0.0,0.7709090909090909,0.008064516129032258,0.0,0.0,0.05882352941175856,28000.0,516032.0,15.0,27953.86666666666,88.65733928741355,27747.733333333334,1884.3909007068214,18.200000000000003,1.2649110640673518,9.600000000000001,0.6324555320336759,9.600000000000001,0.6324555320336759,4.666666666666667,0.7237468644557459,0.0,0.0,0.0,0.0,1.0,0.0
29000.0,1.703125,1.4561212285318308E-7,29000.0,0.8831905241935484,0.048475819322624354,0.992,0.0,0.8385836693548387,0.008064516129032258,0.0,0.0,0.056910569105695315,29000.0,528536.0,15.0,28955.799999999996,92.23432890508452,28573.333333333332,1642.3305160075186,18.866666666666667,1.1872336794093272,9.933333333333334,0.5936168397046636,9.933333333333334,0.5936168397046636,4.733333333333333,0.7037315505489967,0.0,0.0,0.0,0.0,1.0,0.0
30000.0,1.765625,1.5451272095864017E-7,30000.0,0.8401166050005606,0.043241203927615865,0.991,0.0,0.8831905241935484,0.009081735620585268,0.0,0.0,-0.05882352941177162,30000.0,550480.0,15.0,29946.13333333333,107.79667810059647,30023.466666666664,1270.81873871401,19.933333333333334,1.0327955589886444,10.466666666666667,0.5163977794943222,10.466666666666667,0.5163977794943222,5.0,0.7559289460184544,0.0,0.0,0.0,0.0,1.0,0.0
31000.0,1.828125,1.6364278659845392E-7,31000.0,0.8601551956815114,0.0421552359513846,0.988,0.0,0.8401166050005606,0.012145748987854251,0.0,0.0,-0.3932584269662962,31000.0,564672.0,15.0,30952.866666666665,110.14851446159003,30961.600000000002,2057.0118688455423,20.6,1.5491933384829666,10.8,0.7745966692414833,10.8,0.7745966692414833,5.0,0.7559289460184544,0.0,0.0,0.0,0.0,1.0,0.0
32000.0,1.890625,1.7316555992389718E-7,32000.0,0.8193939393939393,0.035863597655205616,0.99,0.0,0.8601551956815114,0.010101010101010102,0.0,0.0,-0.15523465703970796,32000.0,588960.0,15.0,31953.333333333332,118.13349994613543,32565.86666666667,1966.0349461603703,21.93333333333333,1.486446705914412,11.466666666666665,0.743223352957206,11.466666666666665,0.743223352957206,5.066666666666666,0.7988086367179803,0.0,0.0,0.0,0.0,1.0,0.0
33000.0,1.96875,1.852594949822459E-7,33000.0,0.7290409121395037,0.07042724303500088,0.994,0.0,0.8193939393939393,0.006036217303822937,0.0,0.0,0.3003533568904583,33000.0,598384.0,15.0,32945.73333333333,129.49598265509798,33189.86666666667,1658.817387119367,22.200000000000003,1.2649110640673522,11.600000000000001,0.6324555320336761,11.600000000000001,0.6324555320336761,5.133333333333334,0.7432233529572067,0.0,0.0,0.0,0.0,1.0,0.0
34000.0,2.03125,1.9507757517405682E-7,34000.0,0.8264587525150905,0.049974470932092604,0.994,0.0,0.7290409121395037,0.006036217303822937,0.0,0.0,0.29411764705881893,34000.0,607224.0,15.0,33936.2,134.54590294765543,33774.4,1662.14236969727,22.6,1.3522468075656267,11.8,0.6761234037828133,11.8,0.6761234037828133,5.2666666666666675,0.7037315505489969,0.0,0.0,0.0,0.0,1.0,0.0
35000.0,2.09375,2.0506820874288679E-7,35000.0,0.8442320590207915,0.04410961356006634,0.994,0.0,0.8264587525150905,0.006036217303822937,0.0,0.0,0.2881355932203403,35000.0,617896.0,15.0,34930.666666666664,138.70764046659264,34479.466666666674,1719.0734159784472,23.133333333333333,1.4074631010979946,12.066666666666666,0.7037315505489973,12.066666666666666,0.7037315505489973,5.333333333333334,0.6172133998483678,0.0,0.0,0.0,0.0,1.0,0.0
36000.0,2.15625,2.1544223677160012E-7,36000.0,0.8858291457286432,0.045122059414147715,0.995,0.0,0.8442320590207915,0.005025125628140704,0.0,0.0,0.39999999999999736,36000.0,641608.0,15.0,35931.799999999996,140.85666473404822,36044.8,2262.8503896003112,24.599999999999998,1.7237832147426693,12.799999999999999,0.8618916073713346,12.799999999999999,0.8618916073713346,5.466666666666667,0.5163977794943222,0.0,0.0,0.0,0.0,1.0,0.0
37000.0,2.21875,2.2615956064934533E-7,37000.0,0.7445537273646475,0.02006422531624658,0.989,0.0,0.8858291457286432,0.011122345803842264,0.0,0.0,-0.3086816720257328,37000.0,662840.0,15.0,36926.73333333332,130.18364318293132,37449.6,2704.493953192934,25.4,2.164651077128664,13.2,1.082325538564332,13.2,1.082325538564332,5.533333333333333,0.5163977794943222,0.0,0.0,0.0,0.0,1.0,0.0
38000.0,2.296875,2.39866332978838E-7,38000.0,0.7466261808367072,0.021995119730075584,0.988,0.0,0.7445537273646475,0.012145748987854251,0.0,0.0,-0.41176470588236214,38000.0,678184.0,15.0,37925.4,145.65409120829602,38465.066666666666,2353.92509489596,25.933333333333334,1.8309508328682536,13.466666666666667,0.9154754164341268,13.466666666666667,0.9154754164341268,5.533333333333333,0.5163977794943222,0.0,0.0,0.0,0.0,1.0,0.0
39000.0,2.34375,2.4821137129846547E-7,39000.0,0.8284623178240199,0.037069394416260434,0.987,0.0,0.7466261808367072,0.013171225937183385,0.0,0.0,-0.508928571428579,39000.0,688160.0,15.0,38930.73333333333,142.49985797820855,39125.333333333336,3016.4905499761207,26.333333333333332,2.2253945610567474,13.666666666666666,1.1126972805283737,13.666666666666666,1.1126972805283737,5.533333333333333,0.5163977794943222,0.0,0.0,0.0,0.0,1.0,0.0
40000.0,2.40625,2.5959083965669076E-7,40000.0,0.8522842172993841,0.016619213921215487,0.989,0.0,0.8284623178240199,0.011122345803842264,0.0,0.0,-0.26801152737752443,40000.0,703792.0,15.0,39931.733333333344,141.34277821092135,40159.46666666666,3579.1682566657573,27.0,2.6186146828319083,14.0,1.3093073414159542,14.0,1.3093073414159542,5.6,0.5070925528371099,0.0,0.0,0.0,0.0,1.0,0.0
41000.0,2.46875,2.7108336022744574E-7,41000.0,0.7136450274694472,0.07059902971817765,0.991,0.0,0.8522842172993841,0.009081735620585268,0.0,0.0,-0.03651685393258427,41000.0,710784.0,15.0,40935.59999999999,130.91589448409658,40620.799999999996,3222.025343520085,27.666666666666668,2.468853599393471,14.333333333333334,1.2344267996967355,14.333333333333334,1.2344267996967355,5.666666666666667,0.4879500364742666,0.0,0.0,0.0,0.0,1.0,0.0
42000.0,2.515625,2.799262680734197E-7,42000.0,0.5885311871227364,0.004021888056122764,0.994,0.0,0.7136450274694472,0.006036217303822937,0.0,0.0,0.30386740331491796,42000.0,729216.0,15.0,41954.46666666667,141.5212587093073,41840.0,3518.100786341566,28.200000000000003,2.7044936151312537,14.600000000000001,1.3522468075656269,14.600000000000001,1.3522468075656269,5.666666666666667,0.4879500364742666,0.0,0.0,0.0,0.0,1.0,0.0
43000.0,2.578125,2.918779824136032E-7,43000.0,0.8116554830407207,0.03546668930909956,0.989,0.0,0.5885311871227364,0.011122345803842264,0.0,0.0,-0.2680965147453151,43000.0,739184.0,15.0,42942.13333333333,136.04981580638852,42498.66666666666,3915.922855410179,28.866666666666667,2.9728934118288257,14.933333333333334,1.4864467059144129,14.933333333333334,1.4864467059144129,5.666666666666667,0.4879500364742666,0.0,0.0,0.0,0.0,1.0,0.0
44000.0,2.625,3.0118771570010315E-7,44000.0,0.6737902057374674,0.026578136814799133,0.986,0.0,0.8116554830407207,0.014198782961460446,0.0,0.0,-0.5917312661498813,44000.0,767712.0,15.0,43946.73333333334,135.98711423548698,44382.933333333334,3550.3250448106196,30.333333333333336,2.5819888974716116,15.666666666666668,1.2909944487358056,15.666666666666668,1.2909944487358056,5.733333333333333,0.4577377082170634,0.0,0.0,0.0,0.0,1.0,0.0
45000.0,2.6875,3.1384426013876994E-7,45000.0,0.8055836707152496,0.024758527051345527,0.988,0.0,0.6737902057374674,0.012145748987854251,0.0,0.0,-0.3533834586466143,45000.0,782776.0,15.0,44948.46666666667,137.1296918284016,45380.26666666667,3829.388751422844,30.73333333333333,2.914659173083209,15.866666666666665,1.457329586541604,15.866666666666665,1.457329586541604,5.733333333333333,0.4577377082170634,0.0,0.0,0.0,0.0,1.0,0.0
46000.0,2.75,3.2658708126594623E-7,46000.0,0.805247225025227,0.02420414102450904,0.991,0.0,0.8055836707152496,0.009081735620585268,0.0,0.0,-0.014705882352936758,46000.0,788112.0,15.0,45954.86666666667,133.17864836734324,45732.799999999996,3672.3458287196045,31.0,2.82842712474619,16.0,1.414213562373095,16.0,1.414213562373095,5.733333333333333,0.4577377082170634,0.0,0.0,0.0,0.0,1.0,0.0
47000.0,2.796875,3.3622258342802526E-7,47000.0,0.8284412955465587,0.0469659687999215,0.988,0.0,0.805247225025227,0.012145748987854251,0.0,0.0,-0.34285714285714713,47000.0,794576.0,15.0,46940.53333333333,153.0946796997887,46160.53333333333,3689.8061479600537,31.266666666666666,2.814926202195987,16.133333333333333,1.4074631010979932,16.133333333333333,1.4074631010979932,5.733333333333333,0.4577377082170634,0.0,0.0,0.0,0.0,1.0,0.0
48000.0,2.859375,3.4932719750536814E-7,48000.0,0.7802368866328258,0.03174864983527974,0.985,0.0,0.8284412955465587,0.015228426395939087,0.0,0.0,-0.6551724137931098,48000.0,810488.0,15.0,47946.066666666666,164.54025415713667,47213.33333333333,3246.838168932676,31.933333333333337,2.491891612715892,16.46666666666667,1.245945806357946,16.46666666666667,1.245945806357946,5.866666666666667,0.5163977794943223,0.0,0.0,0.0,0.0,1.0,0.0
49000.0,2.921875,3.626504136870305E-7,49000.0,0.6317476383265856,0.03351769787154645,0.988,0.0,0.7802368866328258,0.012145748987854251,0.0,0.0,-0.31543624161074446,49000.0,824008.0,15.0,48950.46666666666,161.0828831319305,48108.26666666666,3226.026823612392,32.46666666666666,2.445598573141631,16.73333333333333,1.2227992865708155,16.73333333333333,1.2227992865708155,5.933333333333334,0.5936168397046636,0.0,0.0,0.0,0.0,1.0,0.0
50000.0,2.984375,3.763940185308457E-7,50000.0,0.8034827359224463,0.022237515568040062,0.983,0.0,0.6317476383265856,0.017293997965412006,0.0,0.0,-0.8318965517241484,50000.0,850008.0,15.0,49935.2,170.04671627022273,49826.66666666666,3332.7310694012463,33.8,2.484236013632474,17.4,1.242118006816237,17.4,1.242118006816237,6.133333333333334,0.5163977794943224,0.0,0.0,0.0,0.0,1.0,0.0
51000.0,3.046875,3.906075532237689E-7,51000.0,0.7347236237246328,0.040957266958040306,0.991,0.0,0.8034827359224463,0.009081735620585268,0.0,0.0,0.02959830866807087,51000.0,879072.0,15.0,50928.200000000004,160.70256465195115,51746.13333333333,2872.309520395109,35.4,1.8822478962286406,18.2,0.9411239481143203,18.2,0.9411239481143203,6.133333333333334,0.5163977794943224,0.0,0.0,0.0,0.0,1.0,0.0
52000.0,3.125,4.0862363271622195E-7,52000.0,0.7972592902878344,0.049930138372248876,0.983,0.0,0.7347236237246328,0.017293997965412006,0.0,0.0,-0.8040816326530522,52000.0,891400.0,15.0,51936.933333333334,166.97196799234965,52560.53333333334,2635.408069965275,36.2,1.65615734242165,18.6,0.828078671210825,18.6,0.828078671210825,6.2,0.5606119105813883,0.0,0.0,0.0,0.0,1.0,0.0
53000.0,3.203125,4.270340691113638E-7,53000.0,0.7884810225235758,0.05704420829977538,0.987,0.0,0.7972592902878344,0.013171225937183385,0.0,0.0,-0.3697813121272299,53000.0,910912.0,15.0,52938.53333333333,165.7764702701748,53850.666666666664,2228.783481974822,37.0,1.9999999999999998,19.0,0.9999999999999999,19.0,0.9999999999999999,6.266666666666667,0.5936168397046637,0.0,0.0,0.0,0.0,1.0,0.0
54000.0,3.265625,4.421326189508869E-7,54000.0,0.828125,0.017033179648927567,0.992,0.0,0.7884810225235758,0.008064516129032258,0.0,0.0,0.15459882583170567,54000.0,933808.0,15.0,53939.8,151.34171363412844,55363.73333333333,2685.588827870147,37.93333333333334,1.8309508328682533,19.46666666666667,0.9154754164341267,19.46666666666667,0.9154754164341267,6.4,0.50709255283711,0.0,0.0,0.0,0.0,1.0,0.0
55000.0,3.328125,4.574654222879973E-7,55000.0,0.6120211693548387,0.005917933089858621,0.992,0.0,0.828125,0.008064516129032258,0.0,0.0,0.15221579961464735,55000.0,948296.0,15.0,54937.13333333333,147.70040461626917,56321.59999999999,2343.820958544891,38.6,1.8822478962286406,19.8,0.9411239481143203,19.8,0.9411239481143203,6.4,0.50709255283711,0.0,0.0,0.0,0.0,1.0,0.0
56000.0,3.40625,4.769150271183915E-7,56000.0,0.7087967644084934,0.01652678295635435,0.989,0.0,0.6120211693548387,0.011122345803842264,0.0,0.0,-0.16226415094339866,56000.0,962328.0,15.0,55934.6,150.76130613845012,57250.13333333333,3142.5870567931465,39.266666666666666,1.98086080374405,20.133333333333333,0.990430401872025,20.133333333333333,0.990430401872025,6.466666666666666,0.5163977794943222,0.0,0.0,0.0,0.0,1.0,0.0
57000.0,3.46875,4.926908554302322E-7,57000.0,0.8280195681511471,0.04123167431008416,0.988,0.0,0.7087967644084934,0.012145748987854251,0.0,0.0,-0.2619926199261982,57000.0,975696.0,15.0,56920.33333333333,149.9960316935404,58134.4,3299.992311679355,39.666666666666664,2.3502786055720124,20.333333333333332,1.1751393027860062,20.333333333333332,1.1751393027860062,6.466666666666666,0.5163977794943222,0.0,0.0,0.0,0.0,1.0,0.0
58000.0,3.53125,5.085417069494724E-7,58000.0,0.7472810853234667,0.03640400948906625,0.991,0.0,0.8280195681511471,0.009081735620585268,0.0,0.0,0.05263157894736289,58000.0,980336.0,15.0,57922.53333333333,154.1399487787764,58442.13333333334,3181.1824815549926,39.800000000000004,2.2424476423255526,20.400000000000002,1.1212238211627763,20.400000000000002,1.1212238211627763,6.466666666666666,0.5163977794943222,0.0,0.0,0.0,0.0,1.0,0.0
59000.0,3.59375,5.244956507037083E-7,59000.0,0.854122621564482,0.0485951108547407,0.989,0.0,0.7472810853234667,0.011122345803842264,0.0,0.0,-0.1548042704626298,59000.0,986712.0,15.0,58928.93333333333,155.89807415041892,58865.59999999999,3137.059879204458,39.93333333333333,2.250925735484552,20.466666666666665,1.125462867742276,20.466666666666665,1.125462867742276,6.466666666666666,0.5163977794943222,0.0,0.0,0.0,0.0,1.0,0.0
60000.0,3.671875,5.447831224753624E-7,60000.0,0.856175972927242,0.028874426971837612,0.985,0.0,0.854122621564482,0.015228426395939087,0.0,0.0,-0.5597920277296291,60000.0,1003784.0,15.0,59941.0,166.85108844201682,59992.53333333333,3331.55643306048,41.13333333333333,2.6690465570704314,21.066666666666666,1.3345232785352157,21.066666666666666,1.3345232785352157,6.466666666666666,0.5163977794943222,0.0,0.0,0.0,0.0,1.0,0.0
61000.0,3.75,5.657188012264668E-7,61000.0,0.7821195619651726,0.08717387760490458,0.983,0.0,0.856175972927242,0.017293997965412006,0.0,0.0,-0.7457912457912396,61000.0,1035856.0,15.0,60939.66666666667,167.76159387938668,62113.066666666666,2941.68366432429,42.333333333333336,2.0930724738891344,21.666666666666668,1.0465362369445672,21.666666666666668,1.0465362369445672,6.6000000000000005,0.6324555320336759,0.0,0.0,0.0,0.0,1.0,0.0
62000.0,3.828125,5.868931313873164E-7,62000.0,0.8164646464646464,0.028310448025128585,0.99,0.0,0.7821195619651726,0.010101010101010102,0.0,0.0,-0.026490066225171225,62000.0,1047664.0,15.0,61939.46666666667,177.57286901304414,62893.86666666667,2300.174337078036,42.86666666666667,1.597617273435959,21.933333333333334,0.7988086367179795,21.933333333333334,0.7988086367179795,6.6000000000000005,0.6324555320336759,0.0,0.0,0.0,0.0,1.0,0.0
63000.0,3.890625,6.040210589869982E-7,63000.0,0.616243654822335,0.02192945926337115,0.985,0.0,0.8164646464646464,0.015228426395939087,0.0,0.0,-0.5266558966074292,63000.0,1059320.0,15.0,62926.46666666666,186.6348102068659,63665.06666666666,3026.983964907895,43.53333333333333,1.5976172734359602,22.266666666666666,0.7988086367179801,22.266666666666666,0.7988086367179801,6.6000000000000005,0.6324555320336759,0.0,0.0,0.0,0.0,1.0,0.0
64000.0,3.96875,6.257742319980428E-7,64000.0,0.8039131060279097,0.010698479302350902,0.993,0.0,0.616243654822335,0.007049345417925478,0.0,0.0,0.2843450479233194,64000.0,1076304.0,15.0,63925.26666666667,182.41767875896628,64786.13333333333,3084.998491934493,44.46666666666667,2.199567056967175,22.733333333333334,1.0997835284835875,22.733333333333334,1.0997835284835875,6.6000000000000005,0.6324555320336759,0.0,0.0,0.0,0.0,1.0,0.0
65000.0,4.046875,6.478457685766947E-7,65000.0,0.8202040628734258,0.02827698706238988,0.989,0.0,0.8039131060279097,0.011122345803842264,0.0,0.0,-0.12244897959183419,65000.0,1092056.0,15.0,64917.466666666674,187.42993611582108,65827.73333333334,3223.720465253655,44.99999999999999,2.390457218668787,22.999999999999996,1.1952286093343936,22.999999999999996,1.1952286093343936,6.666666666666667,0.6172133998483675,0.0,0.0,0.0,0.0,1.0,0.0
66000.0,4.109375,6.657283261625301E-7,66000.0,0.8593117408906883,0.038195972296782774,0.988,0.0,0.8202040628734258,0.012145748987854251,0.0,0.0,-0.22033898305084515,66000.0,1105992.0,15.0,65919.53333333333,192.0032985827778,66748.8,3346.1576087890926,45.66666666666666,2.4688535993934715,23.33333333333333,1.2344267996967357,23.33333333333333,1.2344267996967357,6.733333333333333,0.7037315505489967,0.0,0.0,0.0,0.0,1.0,0.0
67000.0,4.1875,6.883171024835771E-7,67000.0,0.7617505081300813,0.04095091767918001,0.984,0.0,0.8593117408906883,0.016260162601626018,0.0,0.0,-0.612030075187965,67000.0,1117648.0,15.0,66906.40000000001,196.5483582807468,67520.53333333333,3306.0754002867147,46.199999999999996,2.242447642325552,23.599999999999998,1.121223821162776,23.599999999999998,1.121223821162776,6.733333333333333,0.7037315505489967,0.0,0.0,0.0,0.0,1.0,0.0
68000.0,4.265625,7.114174594688746E-7,68000.0,0.785786217810387,0.026396422717290296,0.993,0.0,0.7617505081300813,0.007049345417925478,0.0,0.0,0.2916666666666648,68000.0,1142960.0,15.0,67904.00000000001,205.56160008272647,69192.53333333334,2994.581722918595,47.4,2.164651077128663,24.2,1.0823255385643316,24.2,1.0823255385643316,6.866666666666667,0.833809387832792,0.0,0.0,0.0,0.0,1.0,0.0
69000.0,4.34375,7.348012554252312E-7,69000.0,0.6577810460520268,0.012218833710115014,0.989,0.0,0.785786217810387,0.011122345803842264,0.0,0.0,-0.11127379209371056,69000.0,1156984.0,15.0,68919.13333333332,210.08361147296637,70120.53333333333,3196.319979214191,48.06666666666667,2.1201976547572383,24.533333333333335,1.0600988273786192,24.533333333333335,1.0600988273786192,6.866666666666667,0.833809387832792,0.0,0.0,0.0,0.0,1.0,0.0
70000.0,4.421875,7.585970322704976E-7,70000.0,0.8153322915709165,0.0431527115052547,0.989,0.0,0.6577810460520268,0.011122345803842264,0.0,0.0,-0.1095100864553268,70000.0,1177368.0,15.0,69921.4,210.31873770202208,71468.26666666666,3019.4975804089054,48.99999999999999,2.390457218668787,24.999999999999996,1.1952286093343936,24.999999999999996,1.1952286093343936,7.0,0.8451542547285166,0.0,0.0,0.0,0.0,1.0,0.0
71000.0,4.5,7.8283874447354E-7,71000.0,0.8963353413654619,0.03598656484244814,0.996,0.0,0.8153322915709165,0.004016064257028112,0.0,0.0,0.5931232091690525,71000.0,1199432.0,15.0,70916.73333333335,217.6450146016476,72925.33333333334,2397.0299082306797,50.06666666666667,1.8309508328682542,25.533333333333335,0.9154754164341271,25.533333333333335,0.9154754164341271,7.066666666666666,0.7988086367179803,0.0,0.0,0.0,0.0,1.0,0.0
72000.0,4.578125,8.073925144142574E-7,72000.0,0.8951612903225806,0.047755695627828026,0.992,0.0,0.8963353413654619,0.008064516129032258,0.0,0.0,0.18413597733710613,72000.0,1214872.0,15.0,71921.00000000001,226.1150149813115,73945.06666666667,2532.6500933287443,50.86666666666667,1.9223002094465094,25.933333333333334,0.9611501047232547,25.933333333333334,0.9611501047232547,7.133333333333334,0.7432233529572064,0.0,0.0,0.0,0.0,1.0,0.0
73000.0,4.640625,8.274283674028184E-7,73000.0,0.7614667338709677,0.03992150049296293,0.992,0.0,0.8951612903225806,0.008064516129032258,0.0,0.0,0.1820728291316561,73000.0,1239168.0,15.0,72915.86666666667,233.232522440179,75549.86666666665,2887.8962651202055,52.199999999999996,2.3664319132398464,26.599999999999998,1.1832159566199232,26.599999999999998,1.1832159566199232,7.133333333333334,0.7432233529572064,0.0,0.0,0.0,0.0,1.0,0.0
74000.0,4.71875,8.530124129417041E-7,74000.0,0.8073336693548387,0.06657791537972085,0.992,0.0,0.7614667338709677,0.008064516129032258,0.0,0.0,0.1800554016620529,74000.0,1265848.0,15.0,73916.2,249.30852945124687,77311.46666666666,2844.285646361003,53.8,2.242447642325552,27.4,1.121223821162776,27.4,1.121223821162776,7.199999999999999,0.7745966692414831,0.0,0.0,0.0,0.0,1.0,0.0
75000.0,4.796875,8.792124895585907E-7,75000.0,0.7821504652988003,0.05003582021805901,0.991,0.0,0.8073336693548387,0.009081735620585268,0.0,0.0,0.07660738714090343,75000.0,1296328.0,15.0,74919.40000000001,249.10749257527664,79326.93333333333,3368.8100371891956,55.00000000000001,2.7255405754769875,28.000000000000004,1.3627702877384937,28.000000000000004,1.3627702877384937,7.266666666666667,0.7988086367179801,0.0,0.0,0.0,0.0,1.0,0.0
76000.0,4.890625,9.108163390515578E-7,76000.0,0.870953819594303,0.045186050176645745,0.993,0.0,0.7821504652988003,0.007049345417925478,0.0,0.0,0.2791327913279148,76000.0,1303080.0,15.0,75918.0,237.68736969869735,79773.33333333336,3419.9023099386623,55.4,2.640346297633811,28.2,1.3201731488169055,28.2,1.3201731488169055,7.266666666666667,0.7988086367179801,0.0,0.0,0.0,0.0,1.0,0.0
77000.0,4.96875,9.374607341467506E-7,77000.0,0.8105621558968414,0.03245653948223666,0.986,0.0,0.870953819594303,0.014198782961460446,0.0,0.0,-0.4335106382978751,77000.0,1318312.0,15.0,76917.53333333334,254.36499834087388,80783.46666666666,3545.372796571142,55.666666666666664,2.794552524023088,28.333333333333332,1.397276262011544,28.333333333333332,1.397276262011544,7.266666666666667,0.7988086367179801,0.0,0.0,0.0,0.0,1.0,0.0
78000.0,5.046875,9.643072391756705E-7,78000.0,0.7874747474747474,0.03672627789799382,0.99,0.0,0.8105621558968414,0.010101010101010102,0.0,0.0,-0.023622047244097173,78000.0,1328312.0,15.0,77923.06666666667,253.97425816315362,81445.33333333333,3405.2378701613425,56.06666666666667,2.711527420547495,28.533333333333335,1.3557637102737474,28.533333333333335,1.3557637102737474,7.266666666666667,0.7988086367179801,0.0,0.0,0.0,0.0,1.0,0.0
79000.0,5.125,9.913747716281148E-7,79000.0,0.6725352112676056,0.07175940669392104,0.994,0.0,0.7874747474747474,0.006036217303822937,0.0,0.0,0.38281249999999795,79000.0,1339248.0,15.0,78925.66666666667,247.9353794458369,82167.46666666666,3321.455745101337,56.73333333333333,2.814926202195987,28.866666666666664,1.4074631010979934,28.866666666666664,1.4074631010979934,7.333333333333333,0.8164965809277259,0.0,0.0,0.0,0.0,1.0,0.0
80000.0,5.203125,1.0186806321144101E-6,80000.0,0.9249028916702633,0.10046056737770734,0.993,0.0,0.6725352112676056,0.007049345417925478,0.0,0.0,0.27741935483870606,80000.0,1351040.0,15.0,79925.33333333334,259.67277943779715,82946.66666666667,3074.9147878243652,57.4,2.8485585327118894,29.2,1.4242792663559447,29.2,1.4242792663559447,7.333333333333333,0.8164965809277259,0.0,0.0,0.0,0.0,1.0,0.0
81000.0,5.28125,1.0462348452872699E-6,81000.0,0.7836538461538461,0.0273230045199401,0.988,0.0,0.9249028916702633,0.012145748987854251,0.0,0.0,-0.23506988564167378,81000.0,1363328.0,15.0,80920.73333333332,264.3670248149821,83762.13333333333,3893.296177252576,57.53333333333333,2.9728934118288266,29.266666666666666,1.4864467059144133,29.266666666666666,1.4864467059144133,7.333333333333333,0.8164965809277259,0.0,0.0,0.0,0.0,1.0,0.0
82000.0,5.359375,1.073979688549621E-6,82000.0,0.8203879032999356,0.07575892280129984,0.989,0.0,0.7836538461538461,0.011122345803842264,0.0,0.0,-0.13032581453634084,82000.0,1372760.0,15.0,81914.26666666668,251.26891305266255,84385.59999999999,4048.0295876953687,58.06666666666668,3.0110906108363227,29.53333333333334,1.5055453054181613,29.53333333333334,1.5055453054181613,7.466666666666667,0.6399404734221844,0.0,0.0,0.0,0.0,1.0,0.0
83000.0,5.453125,1.1075288380703162E-6,83000.0,0.8524242424242424,0.026229525021106682,0.99,0.0,0.8203879032999356,0.010101010101010102,0.0,0.0,-0.027227722772275958,83000.0,1383288.0,15.0,82918.06666666667,247.09410198969718,85081.06666666667,4473.228419747654,58.86666666666667,2.7740292167239504,29.933333333333334,1.3870146083619752,29.933333333333334,1.3870146083619752,7.466666666666667,0.6399404734221844,0.0,0.0,0.0,0.0,1.0,0.0
84000.0,5.53125,1.135882436453054E-6,84000.0,0.8305191532258065,0.05497526817207228,0.992,0.0,0.8524242424242424,0.008064516129032258,0.0,0.0,0.17647058823529008,84000.0,1402880.0,15.0,83923.4,252.60522559915526,86378.13333333335,3292.735507721434,59.26666666666667,2.3744673588186544,30.133333333333336,1.1872336794093272,30.133333333333336,1.1872336794093272,7.466666666666667,0.6399404734221844,0.0,0.0,0.0,0.0,1.0,0.0
85000.0,5.625,1.1701176602703826E-6,85000.0,0.8363514419852448,0.035444388900035026,0.994,0.0,0.8305191532258065,0.006036217303822937,0.0,0.0,0.3795620437956186,85000.0,1411576.0,15.0,84912.13333333333,267.42044655952344,86954.66666666666,3646.50303454589,59.53333333333334,2.669046557070432,30.26666666666667,1.334523278535216,30.26666666666667,1.334523278535216,7.466666666666667,0.6399404734221844,0.0,0.0,0.0,0.0,1.0,0.0
86000.0,5.71875,1.2047345323177672E-6,86000.0,0.7715436627823334,0.04199135583122096,0.993,0.0,0.8363514419852448,0.007049345417925478,0.0,0.0,0.27382388419782844,86000.0,1427312.0,15.0,85904.13333333333,272.72745858579736,87994.13333333333,4164.378428437802,60.333333333333336,3.086066999241838,30.666666666666668,1.543033499620919,30.666666666666668,1.543033499620919,7.466666666666667,0.6399404734221844,0.0,0.0,0.0,0.0,1.0,0.0
87000.0,5.796875,1.2337523447867065E-6,87000.0,0.7262099602525135,0.050624461381981935,0.987,0.0,0.7715436627823334,0.013171225937183385,0.0,0.0,-0.3432304038004786,87000.0,1435744.0,15.0,86892.79999999999,290.2115484558531,88552.53333333334,3832.8820537677966,60.733333333333334,2.6040261866871424,30.866666666666667,1.3020130933435712,30.866666666666667,1.3020130933435712,7.466666666666667,0.6399404734221844,0.0,0.0,0.0,0.0,1.0,0.0
88000.0,5.890625,1.2688595193645188E-6,88000.0,0.8941998345436162,0.043958995839954905,0.989,0.0,0.7262099602525135,0.011122345803842264,0.0,0.0,-0.13481828839390755,88000.0,1447528.0,15.0,87882.53333333334,295.71363238943064,89331.2,4376.071871961363,61.4,3.1350552512789043,31.2,1.5675276256394521,31.2,1.5675276256394521,7.466666666666667,0.6399404734221844,0.0,0.0,0.0,0.0,1.0,0.0
89000.0,5.984375,1.3043048804522384E-6,89000.0,0.8588406772059648,0.021915029886220155,0.991,0.0,0.8941998345436162,0.009081735620585268,0.0,0.0,0.07076566125290155,89000.0,1461472.0,15.0,88883.2,298.156526485192,90253.86666666667,3822.742730154932,61.8,2.808151400069855,31.4,1.4040757000349275,31.4,1.4040757000349275,7.533333333333333,0.6399404734221844,0.0,0.0,0.0,0.0,1.0,0.0
90000.0,6.078125,1.3401111290376215E-6,90000.0,0.7215221774193549,0.015287190304863632,0.992,0.0,0.8588406772059648,0.008064516129032258,0.0,0.0,0.17241379310345145,90000.0,1476352.0,15.0,89880.53333333334,290.2060515925729,91236.26666666665,3407.8187298091575,62.6,2.4142434484888695,31.8,1.2071217242444348,31.8,1.2071217242444348,7.533333333333333,0.6399404734221844,0.0,0.0,0.0,0.0,1.0,0.0
91000.0,6.171875,1.3761692227692237E-6,91000.0,0.9101507537688442,0.046424014477943414,0.995,0.0,0.7215221774193549,0.005025125628140704,0.0,0.0,0.4799999999999977,91000.0,1486736.0,15.0,90880.4,290.7565992372289,91922.13333333333,3795.2059583989217,63.13333333333333,2.7740292167239518,32.06666666666667,1.3870146083619759,32.06666666666667,1.3870146083619759,7.533333333333333,0.6399404734221844,0.0,0.0,0.0,0.0,1.0,0.0
92000.0,6.265625,1.412550563044432E-6,92000.0,0.8327872983870968,0.03028231909436702,0.992,0.0,0.9101507537688442,0.008064516129032258,0.0,0.0,0.16647791619478555,92000.0,1500064.0,15.0,91875.66666666666,296.5785048242908,92802.66666666667,3527.4773395377597,63.8,2.5967012040004023,32.4,1.2983506020002007,32.4,1.2983506020002007,7.533333333333333,0.6399404734221844,0.0,0.0,0.0,0.0,1.0,0.0
93000.0,6.359375,1.4494398621738783E-6,93000.0,0.6695884146341463,0.016808151890182567,0.984,0.0,0.8327872983870968,0.016260162601626018,0.0,0.0,-0.6551724137930971,93000.0,1521008.0,15.0,92876.59999999999,286.779606766494,94187.73333333334,2814.9622546737774,64.73333333333333,2.12019765475724,32.86666666666667,1.0600988273786198,32.86666666666667,1.0600988273786198,7.6000000000000005,0.50709255283711,0.0,0.0,0.0,0.0,1.0,0.0
94000.0,6.453125,1.4866999441033434E-6,94000.0,0.8705447696319907,0.02982297476800389,0.986,0.0,0.6695884146341463,0.014198782961460446,0.0,0.0,-0.44140197152244764,94000.0,1536296.0,15.0,93874.59999999998,287.23604031727535,95197.86666666667,2606.098284153283,65.66666666666667,1.9518001458970675,33.333333333333336,0.9759000729485338,33.333333333333336,0.9759000729485338,7.6000000000000005,0.50709255283711,0.0,0.0,0.0,0.0,1.0,0.0
95000.0,6.53125,1.5178872854448853E-6,95000.0,0.7934272300469484,0.019285275176873423,0.994,0.0,0.8705447696319907,0.006036217303822937,0.0,0.0,0.3797606093579949,95000.0,1543088.0,15.0,94881.73333333334,286.401682623415,95648.53333333334,2729.207050373702,65.66666666666667,1.9518001458970675,33.333333333333336,0.9759000729485338,33.333333333333336,0.9759000729485338,7.6000000000000005,0.50709255283711,0.0,0.0,0.0,0.0,1.0,0.0
96000.0,6.625,1.5554614947177468E-6,96000.0,0.8617558022199798,0.035087032071965715,0.991,0.0,0.7934272300469484,0.009081735620585268,0.0,0.0,0.06896551724138288,96000.0,1549248.0,15.0,95881.46666666667,281.2804565519859,96055.46666666667,2748.71476113751,66.06666666666666,1.6676187756655845,33.53333333333333,0.8338093878327922,33.53333333333333,0.8338093878327922,7.666666666666667,0.6172133998483675,0.0,0.0,0.0,0.0,1.0,0.0
97000.0,6.71875,1.593617780599743E-6,97000.0,0.7595766129032258,0.07123414335188216,0.992,0.0,0.8617558022199798,0.008064516129032258,0.0,0.0,0.17094017094017222,97000.0,1573248.0,15.0,96883.2,282.8652379794003,97641.06666666667,3012.8454387995484,67.26666666666667,2.374467358818656,34.13333333333333,1.187233679409328,34.13333333333333,1.187233679409328,7.8,0.6761234037828132,0.0,0.0,0.0,0.0,1.0,0.0
98000.0,6.828125,1.6387131634271806E-6,98000.0,0.8885858585858586,0.033728848679891885,0.99,0.0,0.7595766129032258,0.010101010101010102,0.0,0.0,-0.03594080338266069,98000.0,1593736.0,15.0,97888.93333333333,274.3591146827905,98993.6,2996.011367516103,68.46666666666667,2.559761893688737,34.733333333333334,1.2798809468443686,34.733333333333334,1.2798809468443686,7.8,0.6761234037828132,0.0,0.0,0.0,0.0,1.0,0.0
99000.0,6.921875,1.6777316987928415E-6,99000.0,0.8600323140446412,0.056416392981675556,0.983,0.0,0.8885858585858586,0.017293997965412006,0.0,0.0,-0.7476635514018765,99000.0,1608800.0,15.0,98894.93333333333,287.7527377719252,99990.93333333333,3101.8223092393973,68.86666666666667,2.4455985731416314,34.93333333333334,1.2227992865708157,34.93333333333334,1.2227992865708157,7.8,0.6761234037828132,0.0,0.0,0.0,0.0,1.0,0.0
100000.0,7.015625,1.7170088701984948E-6,100000.0,0.9010214357646382,0.07116113254354066,0.993,0.0,0.8600323140446412,0.007049345417925478,0.0,0.0,0.27835051546392,100000.0,1619464.0,15.0,99895.13333333333,294.2515606626086,100695.46666666666,3097.3794884124377,69.4,2.41424344848887,35.2,1.207121724244435,35.2,1.207121724244435,7.8,0.6761234037828132,0.0,0.0,0.0,0.0,1.0,0.0
101000.0,7.109375,1.7564554258974062E-6,101000.0,0.7066609120989785,0.02117904146340828,0.993,0.0,0.9010214357646382,0.007049345417925478,0.0,0.0,0.27635619242579323,101000.0,1626448.0,15.0,100894.93333333333,287.40774089054827,101156.8,2877.814726489525,69.93333333333334,2.250925735484552,35.46666666666667,1.125462867742276,35.46666666666667,1.125462867742276,7.866666666666667,0.6399404734221844,0.0,0.0,0.0,0.0,1.0,0.0
102000.0,7.21875,1.8030495589805975E-6,102000.0,0.8446231155778895,0.09389061603372711,0.995,0.0,0.7066609120989785,0.005025125628140704,0.0,0.0,0.48065173116089766,102000.0,1646704.0,15.0,101885.66666666666,284.5429083049994,102495.46666666666,3243.9629614467085,70.73333333333333,2.604026186687142,35.86666666666667,1.302013093343571,35.86666666666667,1.302013093343571,7.866666666666667,0.6399404734221844,0.0,0.0,0.0,0.0,1.0,0.0
103000.0,7.3125,1.843151338915858E-6,103000.0,0.7431254191817572,0.021874540522857082,0.994,0.0,0.8446231155778895,0.006036217303822937,0.0,0.0,0.374493927125502,103000.0,1653464.0,15.0,102878.59999999999,289.2595967046129,102942.93333333333,3527.9311514716123,71.0,2.8284271247461885,36.0,1.4142135623730943,36.0,1.4142135623730943,7.866666666666667,0.6399404734221844,0.0,0.0,0.0,0.0,1.0,0.0
104000.0,7.421875,1.8901035784640247E-6,104000.0,0.88,0.08185155978891501,0.99,0.0,0.7431254191817572,0.010101010101010102,0.0,0.0,-0.04208416833667219,104000.0,1659360.0,15.0,103883.59999999999,302.4879690641818,103332.8,3560.6173461514077,71.26666666666667,2.814926202195985,36.13333333333333,1.4074631010979926,36.13333333333333,1.4074631010979926,7.866666666666667,0.6399404734221844,0.0,0.0,0.0,0.0,1.0,0.0
105000.0,7.515625,1.9304542931624585E-6,105000.0,0.7201029506388454,0.04517346988329923,0.989,0.0,0.88,0.011122345803842264,0.0,0.0,-0.14469772051535848,105000.0,1663728.0,15.0,104879.46666666667,318.0266984898919,103621.86666666665,3981.203225635377,71.53333333333332,3.1592645316516905,36.26666666666666,1.5796322658258453,36.26666666666666,1.5796322658258453,7.866666666666667,0.6399404734221844,0.0,0.0,0.0,0.0,1.0,0.0
106000.0,7.625,1.9780829057304396E-6,106000.0,0.9119433198380567,0.024685592490153556,0.988,0.0,0.7201029506388454,0.012145748987854251,0.0,0.0,-0.24583741429971065,106000.0,1683264.0,15.0,105870.20000000001,304.7301382253741,104913.59999999999,4601.381357809849,72.3333333333333,3.5989416433697503,36.66666666666665,1.7994708216848752,36.66666666666665,1.7994708216848752,7.866666666666667,0.6399404734221844,0.0,0.0,0.0,0.0,1.0,0.0
107000.0,7.703125,2.012250155934857E-6,107000.0,0.8723009446693657,0.058543087755411574,0.988,0.0,0.9119433198380567,0.012145748987854251,0.0,0.0,-0.24298160696998938,107000.0,1690528.0,15.0,106857.33333333334,295.941033380121,105393.06666666667,4446.503208247167,73.0,3.8544964466377265,37.0,1.9272482233188633,37.0,1.9272482233188633,7.933333333333334,0.7037315505489968,0.0,0.0,0.0,0.0,1.0,0.0
108000.0,7.796875,2.053806933367418E-6,108000.0,0.8589872568745808,0.013572525899839781,0.994,0.0,0.8723009446693657,0.006036217303822937,0.0,0.0,0.3763233878729519,108000.0,1713456.0,15.0,107850.59999999998,296.0617213642199,106908.8,4597.4699128977445,73.80000000000001,3.5294677866702298,37.400000000000006,1.7647338933351149,37.400000000000006,1.7647338933351149,8.0,0.7559289460184544,0.0,0.0,0.0,0.0,1.0,0.0
109000.0,7.90625,2.102513260777212E-6,109000.0,0.7898703924993106,0.03120702445783384,0.989,0.0,0.8589872568745808,0.011122345803842264,0.0,0.0,-0.14190476190475793,109000.0,1721352.0,15.0,108855.4,306.7085168131402,107432.00000000001,4873.078932842592,74.06666666666665,3.7695522027853396,37.533333333333324,1.8847761013926698,37.533333333333324,1.8847761013926698,8.066666666666666,0.7988086367179801,0.0,0.0,0.0,0.0,1.0,0.0
110000.0,8.015625,2.1516127809364763E-6,110000.0,0.6779908061441866,0.022407884314017582,0.991,0.0,0.7898703924993106,0.009081735620585268,0.0,0.0,0.06515580736543625,110000.0,1735248.0,15.0,109849.86666666665,312.47053956371445,108349.86666666665,4795.757617291508,74.86666666666667,3.9617216074881005,37.93333333333334,1.9808608037440503,37.93333333333334,1.9808608037440503,8.066666666666666,0.7988086367179801,0.0,0.0,0.0,0.0,1.0,0.0
111000.0,8.125,2.2014092731600006E-6,111000.0,0.8838922764227642,0.043425601813828464,0.984,0.0,0.6779908061441866,0.016260162601626018,0.0,0.0,-0.6520930232558229,111000.0,1759880.0,15.0,110856.6,313.25498513876147,109978.13333333335,5267.177040972933,75.93333333333334,4.06143301006407,38.46666666666667,2.030716505032035,38.46666666666667,2.030716505032035,8.133333333333333,0.7432233529572065,0.0,0.0,0.0,0.0,1.0,0.0
112000.0,8.25,2.2588429015336765E-6,112000.0,0.6855555555555556,0.030832898828589573,0.99,0.0,0.8838922764227642,0.010101010101010102,0.0,0.0,-0.03225806451613421,112000.0,1776064.0,15.0,111858.13333333335,321.69125985433044,111048.0,4568.9185966547,76.86666666666667,3.502380143083652,38.93333333333334,1.751190071541826,38.93333333333334,1.751190071541826,8.133333333333333,0.7432233529572065,0.0,0.0,0.0,0.0,1.0,0.0
113000.0,8.34375,2.3021327150571677E-6,113000.0,0.8697490578178141,0.03726969687244175,0.989,0.0,0.6855555555555556,0.011122345803842264,0.0,0.0,-0.1341240875912395,113000.0,1784912.0,15.0,112844.0,312.43810815675454,111633.06666666667,4825.1710179413285,77.26666666666667,3.3693294514459327,39.13333333333333,1.6846647257229663,39.13333333333333,1.6846647257229663,8.133333333333333,0.7432233529572065,0.0,0.0,0.0,0.0,1.0,0.0
114000.0,8.453125,2.3531671872155532E-6,114000.0,0.7625252525252525,0.01017931044764599,0.99,0.0,0.8697490578178141,0.010101010101010102,0.0,0.0,-0.030741410488250485,114000.0,1803632.0,15.0,113837.93333333332,303.56111803219403,112870.93333333333,4510.555864804671,77.93333333333334,3.3693294514459327,39.46666666666667,1.6846647257229663,39.46666666666667,1.6846647257229663,8.266666666666666,0.883715101688537,0.0,0.0,0.0,0.0,1.0,0.0
115000.0,8.5625,2.404591456676523E-6,115000.0,0.6317972866913331,0.016524336556276248,0.991,0.0,0.7625252525252525,0.009081735620585268,0.0,0.0,0.07174887892376126,115000.0,1817408.0,15.0,114834.93333333332,304.43776438043096,113782.93333333335,4595.344592498972,78.46666666666668,3.419830126663911,39.73333333333334,1.7099150633319555,39.73333333333334,1.7099150633319555,8.266666666666666,0.883715101688537,0.0,0.0,0.0,0.0,1.0,0.0
116000.0,8.65625,2.4489113517726463E-6,116000.0,0.8610547667342799,0.042071387585644354,0.986,0.0,0.6317972866913331,0.014198782961460446,0.0,0.0,-0.4384410983170932,116000.0,1827384.0,15.0,115845.73333333332,303.97473265921104,114443.2,5106.25368962972,78.86666666666667,3.888934240098374,39.93333333333334,1.944467120049187,39.93333333333334,1.944467120049187,8.266666666666666,0.883715101688537,0.0,0.0,0.0,0.0,1.0,0.0
117000.0,8.765625,2.5008924745230213E-6,117000.0,0.7310199942045784,0.02026215532732333,0.986,0.0,0.8610547667342799,0.014198782961460446,0.0,0.0,-0.43307086614173607,117000.0,1837088.0,15.0,116837.33333333334,300.83328716527706,115085.33333333333,5090.202278701231,79.26666666666667,3.7695522027853405,40.13333333333333,1.8847761013926703,40.13333333333333,1.8847761013926703,8.333333333333332,0.816496580927726,0.0,0.0,0.0,0.0,1.0,0.0
118000.0,8.859375,2.545607017560138E-6,118000.0,0.6755216472102216,0.009704229115157269,0.989,0.0,0.7310199942045784,0.011122345803842264,0.0,0.0,-0.1247833622183711,118000.0,1843656.0,15.0,117851.6,300.64996258107175,115519.46666666666,5754.419889673211,79.93333333333334,3.6929791819200983,40.46666666666667,1.8464895909600492,40.46666666666667,1.8464895909600492,8.333333333333332,0.816496580927726,0.0,0.0,0.0,0.0,1.0,0.0
119000.0,8.953125,2.590704567006065E-6,119000.0,0.802780580782599,0.020016280916547252,0.991,0.0,0.6755216472102216,0.009081735620585268,0.0,0.0,0.07910576096302341,119000.0,1859448.0,15.0,118846.06666666665,279.7267714514775,116564.8,4866.73212741363,80.19999999999999,3.60951124510943,40.599999999999994,1.804755622554715,40.599999999999994,1.804755622554715,8.333333333333332,0.816496580927726,0.0,0.0,0.0,0.0,1.0,0.0
120000.0,9.046875,2.63613545232349E-6,120000.0,0.8046558704453441,0.033860838175169966,0.988,0.0,0.802780580782599,0.012145748987854251,0.0,0.0,-0.22553191489362107,120000.0,1873192.0,15.0,119855.86666666668,285.040064017736,117473.59999999998,5009.4203371533595,80.99999999999999,3.854496446637725,40.99999999999999,1.9272482233188626,40.99999999999999,1.9272482233188626,8.333333333333332,0.816496580927726,0.0,0.0,0.0,0.0,1.0,0.0
121000.0,9.15625,2.6897660831713844E-6,121000.0,0.740238484919336,0.03488328003313763,0.987,0.0,0.8046558704453441,0.013171225937183385,0.0,0.0,-0.32407407407407274,121000.0,1895384.0,15.0,120863.06666666667,292.97646581903393,118940.26666666666,5128.298512966579,82.06666666666666,3.534860406754147,41.53333333333333,1.7674302033770735,41.53333333333333,1.7674302033770735,8.4,0.7367883976130074,0.0,0.0,0.0,0.0,1.0,0.0
122000.0,9.25,2.736229960444487E-6,122000.0,0.8643927845528455,0.024336322303666457,0.984,0.0,0.740238484919336,0.016260162601626018,0.0,0.0,-0.6212624584717671,122000.0,1915784.0,15.0,121870.86666666665,294.4658279147597,120290.13333333332,4871.745211884935,82.73333333333333,3.4530869557266466,41.86666666666667,1.7265434778633233,41.86666666666667,1.7265434778633233,8.4,0.7367883976130074,0.0,0.0,0.0,0.0,1.0,0.0
123000.0,9.359375,2.7907402383991413E-6,123000.0,0.8929129515580476,0.04326171501864343,0.989,0.0,0.8643927845528455,0.011122345803842264,0.0,0.0,-0.11358024691358025,123000.0,1926472.0,15.0,122879.73333333332,293.48216462398995,120996.26666666668,5255.27619862263,83.26666666666668,3.844600418893018,42.13333333333334,1.922300209446509,42.13333333333334,1.922300209446509,8.4,0.7367883976130074,0.0,0.0,0.0,0.0,1.0,0.0
124000.0,9.46875,2.845817555983861E-6,124000.0,0.7777369243496645,0.039924825320498875,0.989,0.0,0.8929129515580476,0.011122345803842264,0.0,0.0,-0.11256117455139004,124000.0,1946512.0,15.0,123877.73333333331,282.6831812336641,122319.46666666666,5426.105336593596,84.33333333333333,4.047338925881101,42.666666666666664,2.0236694629405503,42.666666666666664,2.0236694629405503,8.4,0.7367883976130074,0.0,0.0,0.0,0.0,1.0,0.0
125000.0,9.578125,2.901102901281168E-6,125000.0,0.9384924623115578,0.02363226243014286,0.995,0.0,0.7777369243496645,0.005025125628140704,0.0,0.0,0.4922826969943115,125000.0,1953864.0,15.0,124881.93333333333,298.1949186753691,122804.26666666668,5343.664546072514,84.86666666666666,3.888934240098376,42.93333333333333,1.944467120049188,42.93333333333333,1.944467120049188,8.466666666666667,0.6399404734221844,0.0,0.0,0.0,0.0,1.0,0.0
126000.0,9.671875,2.9489127337001263E-6,126000.0,0.8452260458839406,0.035542525235640006,0.988,0.0,0.9384924623115578,0.012145748987854251,0.0,0.0,-0.21641190667738894,126000.0,1971280.0,15.0,125873.59999999999,301.37205292746563,123955.20000000001,4777.923326539021,85.8,3.6878177829171555,43.4,1.8439088914585777,43.4,1.8439088914585777,8.533333333333335,0.6399404734221842,0.0,0.0,0.0,0.0,1.0,0.0
127000.0,9.78125,3.0050661815847787E-6,127000.0,0.6881895093062605,0.051470239663828056,0.985,0.0,0.8452260458839406,0.015228426395939087,0.0,0.0,-0.5143084260731343,127000.0,1984544.0,15.0,126862.33333333331,291.651863569929,124833.06666666667,4756.990036727407,86.33333333333333,3.5186577527449825,43.666666666666664,1.7593288763724912,43.666666666666664,1.7593288763724912,8.533333333333335,0.6399404734221842,0.0,0.0,0.0,0.0,1.0,0.0
128000.0,9.890625,3.0618595580259958E-6,128000.0,0.816969696969697,0.015150676337179304,0.99,0.0,0.6881895093062605,0.010101010101010102,0.0,0.0,-0.009463722397476695,128000.0,2007160.0,15.0,127867.39999999998,272.7072737256201,126326.93333333335,5224.26415141975,87.40000000000002,4.084815085865488,44.20000000000001,2.042407542932744,44.20000000000001,2.042407542932744,8.533333333333335,0.6399404734221842,0.0,0.0,0.0,0.0,1.0,0.0
129000.0,10.03125,3.1357131471546985E-6,129000.0,0.8653436483910752,0.034151551522829636,0.991,0.0,0.816969696969697,0.009081735620585268,0.0,0.0,0.09083790133124281,129000.0,2030072.0,15.0,128853.13333333333,275.8581070733554,127840.53333333333,4955.168583937189,88.46666666666668,3.739111175259754,44.73333333333334,1.869555587629877,44.73333333333334,1.869555587629877,8.533333333333335,0.6399404734221842,0.0,0.0,0.0,0.0,1.0,0.0
130000.0,10.140625,3.193521309488763E-6,130000.0,0.791497975708502,0.01863889021346899,0.988,0.0,0.8653436483910752,0.012145748987854251,0.0,0.0,-0.21024049650891738,130000.0,2043024.0,15.0,129858.80000000002,284.76687207006586,128697.6,4824.732661727784,89.00000000000001,3.6253078686998608,45.00000000000001,1.8126539343499304,45.00000000000001,1.8126539343499304,8.533333333333335,0.6399404734221842,0.0,0.0,0.0,0.0,1.0,0.0
131000.0,10.203125,3.2267701721543234E-6,131000.0,0.9019657258064516,0.06471243509235776,0.992,0.0,0.791497975708502,0.008064516129032258,0.0,0.0,0.1919814957594463,131000.0,2056360.0,15.0,130855.26666666666,290.41213735622176,129578.66666666667,4742.961742965898,89.66666666666669,3.5186577527449816,45.33333333333334,1.7593288763724908,45.33333333333334,1.7593288763724908,8.533333333333335,0.6399404734221842,0.0,0.0,0.0,0.0,1.0,0.0
132000.0,10.34375,3.301844958008991E-6,132000.0,0.712415479787081,0.01763313149345556,0.993,0.0,0.9019657258064516,0.007049345417925478,0.0,0.0,0.2914110429447884,132000.0,2063640.0,15.0,131858.93333333335,299.5178188514426,130060.26666666666,4675.998158784114,90.06666666666666,3.2834360631741237,45.53333333333333,1.6417180315870619,45.53333333333333,1.6417180315870619,8.533333333333335,0.6399404734221842,0.0,0.0,0.0,0.0,1.0,0.0
133000.0,10.4375,3.352099512186315E-6,133000.0,0.8180668016194332,0.03631622887876344,0.988,0.0,0.712415479787081,0.012145748987854251,0.0,0.0,-0.21276595744680638,133000.0,2072080.0,15.0,132855.0,298.8845931124498,130619.73333333334,4155.303796125529,90.33333333333334,2.992052966172381,45.66666666666667,1.4960264830861905,45.66666666666667,1.4960264830861905,8.533333333333335,0.6399404734221842,0.0,0.0,0.0,0.0,1.0,0.0
134000.0,10.546875,3.410833273341672E-6,134000.0,0.7035305120411504,0.04059561328717549,0.987,0.0,0.8180668016194332,0.013171225937183385,0.0,0.0,-0.3107599699021763,134000.0,2075736.0,15.0,133841.60000000003,308.88042069012084,130862.40000000001,4258.714708856247,90.60000000000001,3.0425553170226602,45.800000000000004,1.5212776585113301,45.800000000000004,1.5212776585113301,8.533333333333335,0.6399404734221842,0.0,0.0,0.0,0.0,1.0,0.0
135000.0,10.671875,3.478614154220041E-6,135000.0,0.7836080278058078,0.008752397607261125,0.991,0.0,0.7035305120411504,0.009081735620585268,0.0,0.0,0.09192825112107375,135000.0,2096040.0,15.0,134837.53333333333,313.77400116887287,132202.6666666667,4993.146083335019,92.06666666666668,3.195234546871921,46.53333333333334,1.5976172734359606,46.53333333333334,1.5976172734359606,8.6,0.6324555320336759,0.0,0.0,0.0,0.0,1.0,0.0
136000.0,10.796875,3.5472420212398797E-6,136000.0,0.8619800426056733,0.038639901168700246,0.991,0.0,0.7836080278058078,0.009081735620585268,0.0,0.0,0.09131403118040277,136000.0,2122232.0,15.0,135818.06666666668,318.25696416275457,133934.93333333332,3863.4153555531493,92.86666666666667,2.6690465570704296,46.93333333333334,1.3345232785352148,46.93333333333334,1.3345232785352148,8.6,0.6324555320336759,0.0,0.0,0.0,0.0,1.0,0.0
137000.0,10.90625,3.6076852767210865E-6,137000.0,0.7633265856950068,0.04034202644775195,0.988,0.0,0.8619800426056733,0.012145748987854251,0.0,0.0,-0.20971302428256416,137000.0,2136152.0,15.0,136825.6,304.3247325754978,134854.93333333335,3841.5828483780424,93.53333333333335,2.5597618936887367,47.26666666666667,1.2798809468443684,47.26666666666667,1.2798809468443684,8.6,0.6324555320336759,0.0,0.0,0.0,0.0,1.0,0.0
138000.0,11.03125,3.6773161264136432E-6,138000.0,0.8592471358428805,0.054128229050889765,0.987,0.0,0.7633265856950068,0.013171225937183385,0.0,0.0,-0.3075801749271179,138000.0,2153248.0,15.0,137826.6,299.4315566917727,135984.0,3804.38003209083,94.60000000000001,2.6403462976338097,47.800000000000004,1.3201731488169048,47.800000000000004,1.3201731488169048,8.6,0.6324555320336759,0.0,0.0,0.0,0.0,1.0,0.0
139000.0,11.140625,3.7388997993225024E-6,139000.0,0.6773126168896562,0.01746012679911294,0.993,0.0,0.8592471358428805,0.007049345417925478,0.0,0.0,0.2944162436548197,139000.0,2176456.0,15.0,138839.06666666665,298.0537982758643,137518.4,3425.3364547984816,95.4,2.64034629763381,48.2,1.320173148816905,48.2,1.320173148816905,8.666666666666666,0.723746864455746,0.0,0.0,0.0,0.0,1.0,0.0
140000.0,11.25,3.8009364248460363E-6,140000.0,0.9483366935483871,0.053433495177174925,0.992,0.0,0.6773126168896562,0.008064516129032258,0.0,0.0,0.19250180245133594,140000.0,2192464.0,15.0,139834.7333333333,291.82271199839374,138576.53333333338,3572.0700254427647,96.06666666666668,2.7115274205474944,48.53333333333334,1.3557637102737472,48.53333333333334,1.3557637102737472,8.666666666666666,0.723746864455746,0.0,0.0,0.0,0.0,1.0,0.0
141000.0,11.359375,3.862996139408399E-6,141000.0,0.6546733668341709,0.07267893223909601,0.995,0.0,0.9483366935483871,0.005025125628140704,0.0,0.0,0.4935344827586178,141000.0,2193280.0,15.0,140830.00000000003,281.1931212326688,138629.86666666664,3686.0626664440183,96.33333333333333,2.7945525240230875,48.666666666666664,1.3972762620115438,48.666666666666664,1.3972762620115438,8.666666666666666,0.723746864455746,0.0,0.0,0.0,0.0,1.0,0.0
142000.0,11.484375,3.934467644689397E-6,142000.0,0.7681342780026991,0.025700880782800493,0.988,0.0,0.6546733668341709,0.012145748987854251,0.0,0.0,-0.2136752136752131,142000.0,2210168.0,15.0,141824.1333333333,287.93746014089106,139746.66666666666,3922.1576180659017,97.00000000000001,2.9277002188455974,49.00000000000001,1.4638501094227987,49.00000000000001,1.4638501094227987,8.666666666666666,0.723746864455746,0.0,0.0,0.0,0.0,1.0,0.0
143000.0,11.578125,3.988351446524675E-6,143000.0,0.7725903614457831,0.025466400285639755,0.996,0.0,0.7681342780026991,0.004016064257028112,0.0,0.0,0.5937499999999993,143000.0,2221720.0,15.0,142820.4,300.2139237277307,140510.39999999997,3748.434736183704,97.53333333333335,2.6690465570704314,49.26666666666667,1.3345232785352157,49.26666666666667,1.3345232785352157,8.666666666666666,0.723746864455746,0.0,0.0,0.0,0.0,1.0,0.0
144000.0,11.671875,4.042616508538937E-6,144000.0,0.9053679435483871,0.04867402572859322,0.992,0.0,0.7725903614457831,0.008064516129032258,0.0,0.0,0.18644067796610322,144000.0,2237440.0,15.0,143824.06666666665,295.9928731445808,141548.8,3183.37653623139,98.33333333333333,2.3502786055720124,49.666666666666664,1.1751393027860062,49.666666666666664,1.1751393027860062,8.733333333333334,0.7988086367179803,0.0,0.0,0.0,0.0,1.0,0.0
145000.0,11.78125,4.10644728819736E-6,145000.0,0.7839159833117537,0.06355806951190174,0.993,0.0,0.9053679435483871,0.007049345417925478,0.0,0.0,0.2867182009838396,145000.0,2255872.0,15.0,144810.46666666665,277.00538072821774,142767.46666666665,3569.632511431209,98.99999999999999,2.828427124746191,49.99999999999999,1.4142135623730956,49.99999999999999,1.4142135623730956,8.733333333333334,0.7988086367179803,0.0,0.0,0.0,0.0,1.0,0.0
146000.0,11.890625,4.170417507541261E-6,146000.0,0.8402496626180836,0.02662142604837461,0.988,0.0,0.7839159833117537,0.012145748987854251,0.0,0.0,-0.22090592334495537,146000.0,2260800.0,15.0,145807.66666666666,256.8355968504431,143093.86666666664,3848.0302543113203,99.26666666666667,3.0110906108363245,50.13333333333333,1.5055453054181622,50.13333333333333,1.5055453054181622,8.733333333333334,0.7988086367179803,0.0,0.0,0.0,0.0,1.0,0.0
147000.0,12.0,4.234543011989443E-6,147000.0,0.7442770211532889,0.047185764134357246,0.986,0.0,0.8402496626180836,0.014198782961460446,0.0,0.0,-0.4202898550724592,147000.0,2266288.0,15.0,146789.1333333333,261.46042220755805,143458.1333333333,3886.845762434163,99.4,3.2249030993194188,50.2,1.6124515496597094,50.2,1.6124515496597094,8.733333333333334,0.7988086367179803,0.0,0.0,0.0,0.0,1.0,0.0
148000.0,12.109375,4.299085930041553E-6,148000.0,0.7252193928931089,0.03718674963102438,0.993,0.0,0.7442770211532889,0.007049345417925478,0.0,0.0,0.2884615384615402,148000.0,2281040.0,15.0,147801.73333333334,264.6419323934759,144433.06666666665,4470.920254691366,100.2,2.90811671999988,50.6,1.45405835999994,50.6,1.45405835999994,8.733333333333334,0.7988086367179803,0.0,0.0,0.0,0.0,1.0,0.0
149000.0,12.234375,4.373358646666422E-6,149000.0,0.9275653923541247,0.05587219331993392,0.994,0.0,0.7252193928931089,0.006036217303822937,0.0,0.0,0.3885088919288631,149000.0,2296792.0,15.0,148794.46666666667,285.93902113828807,145473.59999999998,3641.7028356054957,100.99999999999999,2.927700218845601,50.99999999999999,1.4638501094228005,50.99999999999999,1.4638501094228005,8.733333333333334,0.7988086367179803,0.0,0.0,0.0,0.0,1.0,0.0
150000.0,12.359375,4.448495423679962E-6,150000.0,0.767905853012236,0.054956699896351435,0.987,0.0,0.9275653923541247,0.013171225937183385,0.0,0.0,-0.3220338983050823,150000.0,2323512.0,15.0,149769.6,277.0994664118159,147240.0,3808.4609564944803,102.06666666666666,2.9146591730832077,51.53333333333333,1.4573295865416038,51.53333333333333,1.4573295865416038,8.733333333333334,0.7988086367179803,0.0,0.0,0.0,0.0,1.0,0.0
151000.0,12.46875,4.514665439880141E-6,151000.0,0.8448886639676113,0.05585093765147599,0.988,0.0,0.767905853012236,0.012145748987854251,0.0,0.0,-0.21856086079354722,151000.0,2338544.0,15.0,150782.86666666667,265.4755481521153,148233.6,3177.7702155532106,102.86666666666667,2.5597618936887345,51.93333333333334,1.2798809468443673,51.93333333333334,1.2798809468443673,8.8,0.8618916073713347,0.0,0.0,0.0,0.0,1.0,0.0
152000.0,12.59375,4.59061065662859E-6,152000.0,0.8262137010875659,0.010309256144982563,0.991,0.0,0.8448886639676113,0.009081735620585268,0.0,0.0,0.0855614973262005,152000.0,2348512.0,15.0,151771.73333333337,262.01457611215346,148892.80000000002,3550.180743889769,103.4,2.6403462976338132,52.2,1.3201731488169066,52.2,1.3201731488169066,8.8,0.8618916073713347,0.0,0.0,0.0,0.0,1.0,0.0
153000.0,12.703125,4.657660546298655E-6,153000.0,0.812807881773399,0.03158991870976007,0.986,0.0,0.8262137010875659,0.014198782961460446,0.0,0.0,-0.4185430463576094,153000.0,2369640.0,15.0,152776.73333333334,265.25929811807623,150286.93333333332,4958.984104872788,105.13333333333334,3.159264531651693,53.06666666666667,1.5796322658258466,53.06666666666667,1.5796322658258466,8.933333333333334,0.7988086367179803,0.0,0.0,0.0,0.0,1.0,0.0
154000.0,12.84375,4.745556151546123E-6,154000.0,0.7731808498710617,0.029216732682373486,0.991,0.0,0.812807881773399,0.009081735620585268,0.0,0.0,0.08755760368663922,154000.0,2416056.0,15.0,153792.93333333335,280.22171493981136,153355.2,4775.956735865301,106.86666666666666,4.033195589934445,53.93333333333333,2.0165977949672227,53.93333333333333,2.0165977949672227,8.933333333333334,0.7988086367179803,0.0,0.0,0.0,0.0,1.0,0.0
155000.0,12.953125,4.814246494788675E-6,155000.0,0.5472593871385412,0.015072408491923862,0.993,0.0,0.7731808498710617,0.007049345417925478,0.0,0.0,0.28899082568806944,155000.0,2427616.0,15.0,154779.8,277.5896766297772,154120.53333333335,5211.744510055653,107.13333333333334,4.2403953095144775,54.06666666666667,2.1201976547572388,54.06666666666667,2.1201976547572388,8.933333333333334,0.7988086367179803,0.0,0.0,0.0,0.0,1.0,0.0
156000.0,13.078125,4.893332079518584E-6,156000.0,0.7581818181818182,0.01943230831210872,0.99,0.0,0.5472593871385412,0.010101010101010102,0.0,0.0,-0.015625000000001762,156000.0,2445624.0,15.0,155774.93333333335,278.90614567491906,155312.0,5442.212995254255,107.80000000000003,4.394802124588287,54.40000000000001,2.1974010622941433,54.40000000000001,2.1974010622941433,8.933333333333334,0.7988086367179803,0.0,0.0,0.0,0.0,1.0,0.0
157000.0,13.203125,4.972976457793263E-6,157000.0,0.5972254695658951,0.05300971327128407,0.987,0.0,0.7581818181818182,0.013171225937183385,0.0,0.0,-0.3176242737249917,157000.0,2462904.0,15.0,156783.73333333334,267.7332005311784,156455.4666666667,5864.245924811365,108.6,4.852098220652292,54.8,2.426049110326146,54.8,2.426049110326146,9.0,0.7559289460184544,0.0,0.0,0.0,0.0,1.0,0.0
158000.0,13.328125,5.052839179471547E-6,158000.0,0.7227267630900325,0.02755009305784083,0.991,0.0,0.5972254695658951,0.009081735620585268,0.0,0.0,0.08729139922978542,158000.0,2469656.0,15.0,157777.6,258.02098475013327,156902.4,5902.094311102023,108.86666666666666,4.627042663464841,54.93333333333333,2.3135213317324204,54.93333333333333,2.3135213317324204,9.066666666666666,0.7988086367179801,0.0,0.0,0.0,0.0,1.0,0.0
159000.0,13.46875,5.143470835820252E-6,159000.0,0.7136363636363636,0.03769039530678721,0.99,0.0,0.7227267630900325,0.010101010101010102,0.0,0.0,-0.014030612244904565,159000.0,2491264.0,15.0,158785.40000000002,258.2946269005832,158329.6,5664.151087573242,110.06666666666666,4.199773236508757,55.53333333333333,2.0998866182543785,55.53333333333333,2.0998866182543785,9.066666666666666,0.7988086367179801,0.0,0.0,0.0,0.0,1.0,0.0
160000.0,13.59375,5.224576614434932E-6,160000.0,0.9111111111111111,0.03543201770823263,0.99,0.0,0.7136363636363636,0.010101010101010102,0.0,0.0,-0.013941698352346025,160000.0,2508096.0,15.0,159790.3333333333,265.42194619852165,159441.6,5497.924553865758,111.0,3.8544964466377265,56.0,1.9272482233188633,56.0,1.9272482233188633,9.133333333333333,0.7432233529572064,0.0,0.0,0.0,0.0,1.0,0.0
161000.0,13.71875,5.306405202847799E-6,161000.0,0.7798639112903226,0.08186051927157995,0.992,0.0,0.9111111111111111,0.008064516129032258,0.0,0.0,0.1878940731399771,161000.0,2530448.0,15.0,160782.80000000002,272.0520433404311,160918.4,5442.890156630285,111.93333333333334,4.463609472591606,56.46666666666667,2.231804736295803,56.46666666666667,2.231804736295803,9.133333333333333,0.7432233529572064,0.0,0.0,0.0,0.0,1.0,0.0
162000.0,13.84375,5.388574758803262E-6,162000.0,0.7662293979145645,0.026002065697773455,0.991,0.0,0.7798639112903226,0.009081735620585268,0.0,0.0,0.0858934169278986,162000.0,2540992.0,15.0,161780.53333333333,262.12261761752933,161616.0,5808.9271200209,112.46666666666667,4.501851470969101,56.733333333333334,2.2509257354845507,56.733333333333334,2.2509257354845507,9.133333333333333,0.7432233529572064,0.0,0.0,0.0,0.0,1.0,0.0
163000.0,13.984375,5.4816953747326275E-6,163000.0,0.9735383064516129,0.0462861863315809,0.992,0.0,0.7662293979145645,0.008064516129032258,0.0,0.0,0.1865252651278877,163000.0,2559680.0,15.0,162770.00000000003,272.45759827381175,162851.73333333334,5481.804805336426,113.13333333333334,4.240395309514477,57.06666666666667,2.1201976547572383,57.06666666666667,2.1201976547572383,9.133333333333333,0.7432233529572064,0.0,0.0,0.0,0.0,1.0,0.0
164000.0,14.09375,5.554498283244253E-6,164000.0,0.7793427230046949,0.03614381760152269,0.994,0.0,0.9735383064516129,0.006036217303822937,0.0,0.0,0.3884400248601599,164000.0,2572960.0,15.0,163768.86666666664,266.9124700471467,163727.46666666667,6267.10922044226,114.2,4.585692033768885,57.6,2.2928460168844427,57.6,2.2928460168844427,9.133333333333333,0.7432233529572064,0.0,0.0,0.0,0.0,1.0,0.0
165000.0,14.234375,5.648522282070995E-6,165000.0,0.8795856711264566,0.031649391158458856,0.993,0.0,0.7793427230046949,0.007049345417925478,0.0,0.0,0.2852722772277193,165000.0,2584512.0,15.0,164777.66666666666,277.77757460309857,164492.26666666666,5866.515824900627,114.46666666666665,4.307247491424303,57.73333333333333,2.1536237457121516,57.73333333333333,2.1536237457121516,9.133333333333333,0.7432233529572064,0.0,0.0,0.0,0.0,1.0,0.0
166000.0,14.375,5.7429863308142435E-6,166000.0,0.8697705802968961,0.06776851214868523,0.988,0.0,0.8795856711264566,0.012145748987854251,0.0,0.0,-0.22358722358722374,166000.0,2596608.0,15.0,165777.26666666666,285.8117429024783,165292.26666666663,5568.714951362098,115.0,4.27617987059879,58.0,2.138089935299395,58.0,2.138089935299395,9.2,0.8618916073713346,0.0,0.0,0.0,0.0,1.0,0.0
167000.0,14.515625,5.83782436377886E-6,167000.0,0.8024009146341463,0.022593211273802923,0.984,0.0,0.8697705802968961,0.016260162601626018,0.0,0.0,-0.6253041362530432,167000.0,2606888.0,15.0,166774.06666666668,290.29011760813495,165973.33333333334,5710.8855788956325,115.26666666666667,4.267261863247181,58.13333333333333,2.1336309316235904,58.13333333333333,2.1336309316235904,9.2,0.8618916073713346,0.0,0.0,0.0,0.0,1.0,0.0
168000.0,14.640625,5.922342404826645E-6,168000.0,0.7768844221105528,0.007447581006858081,0.995,0.0,0.8024009146341463,0.005025125628140704,0.0,0.0,0.49060036385688194,168000.0,2613616.0,15.0,167776.4,286.22738213824533,166417.06666666665,5713.953940844746,115.93333333333332,4.06143301006407,58.46666666666666,2.030716505032035,58.46666666666666,2.030716505032035,9.2,0.8618916073713346,0.0,0.0,0.0,0.0,1.0,0.0
169000.0,14.78125,6.017876019339178E-6,169000.0,0.7257575757575757,0.01456710893428901,0.99,0.0,0.7768844221105528,0.010101010101010102,0.0,0.0,-0.018685955394812066,169000.0,2626008.0,15.0,168766.06666666665,305.73412040685304,167237.8666666666,5542.024357665016,116.19999999999999,4.056740422696878,58.599999999999994,2.028370211348439,58.599999999999994,2.028370211348439,9.2,0.8618916073713346,0.0,0.0,0.0,0.0,1.0,0.0
170000.0,14.921875,6.113960569362257E-6,170000.0,0.881147164261421,0.02619106449344867,0.989,0.0,0.7257575757575757,0.011122345803842264,0.0,0.0,-0.11976047904192064,170000.0,2641152.0,15.0,169777.26666666666,312.43044178246316,168237.33333333334,5864.523591254531,117.13333333333333,4.437931736207541,59.06666666666666,2.2189658681037705,59.06666666666666,2.2189658681037705,9.266666666666666,0.8837151016885368,0.0,0.0,0.0,0.0,1.0,0.0
171000.0,15.046875,6.200308400568446E-6,171000.0,0.8777721774193549,0.02802010721817623,0.992,0.0,0.881147164261421,0.008064516129032258,0.0,0.0,0.18474374255065712,171000.0,2670200.0,15.0,170770.3333333333,310.43717254098476,170156.79999999996,6674.550249160717,118.46666666666667,5.152900246694181,59.733333333333334,2.5764501233470907,59.733333333333334,2.5764501233470907,9.333333333333334,0.8164965809277261,0.0,0.0,0.0,0.0,1.0,0.0
172000.0,15.171875,6.286838357078116E-6,172000.0,0.916081578067536,0.013494495548721563,0.997,0.0,0.8777721774193549,0.003009027081243731,0.0,0.0,0.6930398572278406,172000.0,2675832.0,15.0,171778.4,305.13013617143605,170529.6,6613.474867917126,118.60000000000001,5.082181758710667,59.800000000000004,2.5410908793553335,59.800000000000004,2.5410908793553335,9.333333333333334,0.8164965809277261,0.0,0.0,0.0,0.0,1.0,0.0
173000.0,15.328125,6.395501065223164E-6,173000.0,0.747617445902007,0.0428381767654196,0.991,0.0,0.916081578067536,0.009081735620585268,0.0,0.0,0.0786982248520658,173000.0,2688208.0,15.0,172781.8,312.5864908880678,171347.73333333334,6617.354061930822,119.26666666666668,4.8324301290738765,60.13333333333334,2.4162150645369382,60.13333333333334,2.4162150645369382,9.333333333333334,0.8164965809277261,0.0,0.0,0.0,0.0,1.0,0.0
174000.0,15.5,6.515767438233724E-6,174000.0,0.9727547931382442,0.06604987983504829,0.991,0.0,0.747617445902007,0.009081735620585268,0.0,0.0,0.07828134196585751,174000.0,2704792.0,15.0,173774.73333333334,305.9849358258979,172443.73333333334,6852.087476160269,120.06666666666666,5.175031630913224,60.53333333333333,2.587515815456612,60.53333333333333,2.587515815456612,9.399999999999999,0.8280786712108251,0.0,0.0,0.0,0.0,1.0,0.0
175000.0,15.65625,6.625457188218001E-6,175000.0,0.8216084016688247,0.021163179417306322,0.993,0.0,0.9727547931382442,0.007049345417925478,0.0,0.0,0.2819460726846426,175000.0,2713616.0,15.0,174780.99999999997,308.87214183218583,173026.6666666667,7017.4474263048405,120.59999999999998,5.138093031466052,60.79999999999999,2.569046515733026,60.79999999999999,2.569046515733026,9.399999999999999,0.8280786712108251,0.0,0.0,0.0,0.0,1.0,0.0
176000.0,15.8125,6.736259998029302E-6,176000.0,0.8924949290060852,0.05272382209806427,0.986,0.0,0.8216084016688247,0.014198782961460446,0.0,0.0,-0.4325581395348859,176000.0,2741152.0,15.0,175794.73333333334,313.54390594042906,174846.93333333332,6960.52140356768,121.8,5.595916878786328,61.4,2.797958439393164,61.4,2.797958439393164,9.399999999999999,0.8280786712108251,0.0,0.0,0.0,0.0,1.0,0.0
177000.0,15.953125,6.836566349698435E-6,177000.0,0.6884888161483906,0.023736205722640978,0.987,0.0,0.8924949290060852,0.013171225937183385,0.0,0.0,-0.32775533756492314,177000.0,2757200.0,15.0,176779.80000000002,316.19053930004736,175909.8666666667,7513.206333485313,122.46666666666665,5.527420822805239,61.73333333333333,2.7637104114026196,61.73333333333333,2.7637104114026196,9.399999999999999,0.8280786712108251,0.0,0.0,0.0,0.0,1.0,0.0
178000.0,16.0625,6.9148999884621116E-6,178000.0,0.9136869197536538,0.037479034049446386,0.989,0.0,0.6884888161483906,0.011122345803842264,0.0,0.0,-0.12270642201835034,178000.0,2768424.0,15.0,177776.4,298.76813752474004,176651.2,6975.286857388529,123.13333333333334,4.867775477077604,62.06666666666667,2.433887738538802,62.06666666666667,2.433887738538802,9.399999999999999,0.8280786712108251,0.0,0.0,0.0,0.0,1.0,0.0
179000.0,16.21875,7.027119184688973E-6,179000.0,0.8550285906491759,0.050346357716742424,0.991,0.0,0.9136869197536538,0.009081735620585268,0.0,0.0,0.08100399315459422,179000.0,2776192.0,15.0,178777.00000000003,302.2843977827075,177165.86666666667,6628.789480814154,123.13333333333334,4.867775477077604,62.06666666666667,2.433887738538802,62.06666666666667,2.433887738538802,9.399999999999999,0.8280786712108251,0.0,0.0,0.0,0.0,1.0,0.0
180000.0,16.375,7.139993863852899E-6,180000.0,0.5737951807228916,0.016745621792505237,0.996,0.0,0.8550285906491759,0.004016064257028112,0.0,0.0,0.590210586226522,180000.0,2792408.0,15.0,179763.6,311.23252676139856,178234.13333333333,7082.021643032513,124.73333333333333,4.832430129073876,62.86666666666667,2.416215064536938,62.86666666666667,2.416215064536938,9.399999999999999,0.8280786712108251,0.0,0.0,0.0,0.0,1.0,0.0
181000.0,16.53125,7.254068267583431E-6,181000.0,0.7859316140249203,0.03888678967956518,0.986,0.0,0.5737951807228916,0.014198782961460446,0.0,0.0,-0.43083003952569465,181000.0,2822088.0,15.0,180765.6,325.8993709720806,180196.26666666666,6598.495320543772,125.93333333333332,4.949266419908924,63.46666666666666,2.474633209954462,63.46666666666666,2.474633209954462,9.399999999999999,0.8280786712108251,0.0,0.0,0.0,0.0,1.0,0.0
182000.0,16.671875,7.357614748697312E-6,182000.0,0.7434475806451613,0.06267149524002703,0.992,0.0,0.7859316140249203,0.008064516129032258,0.0,0.0,0.18156267566047868,182000.0,2846264.0,15.0,181768.13333333333,337.2876827759649,181795.7333333333,6326.317902976723,126.60000000000001,4.910629869404304,63.80000000000001,2.455314934702152,63.80000000000001,2.455314934702152,9.399999999999999,0.8280786712108251,0.0,0.0,0.0,0.0,1.0,0.0
183000.0,16.796875,7.449999619792731E-6,183000.0,0.6373626373626373,0.02396076523386144,0.987,0.0,0.7434475806451613,0.013171225937183385,0.0,0.0,-0.3275669642857087,183000.0,2856888.0,15.0,182767.06666666662,353.48094849989525,182499.73333333337,6284.67950616721,127.13333333333333,4.688384837121668,64.06666666666666,2.344192418560835,64.06666666666666,2.344192418560835,9.466666666666667,0.7432233529572065,0.0,0.0,0.0,0.0,1.0,0.0
184000.0,16.953125,7.566015249014726E-6,184000.0,0.8725007244277021,0.03952044192988052,0.986,0.0,0.6373626373626373,0.014198782961460446,0.0,0.0,-0.4263565891472937,184000.0,2870112.0,15.0,183769.2,348.7006903184587,183375.99999999997,6056.494412729903,127.4,4.548155041960891,64.2,2.274077520980446,64.2,2.274077520980446,9.466666666666667,0.7432233529572065,0.0,0.0,0.0,0.0,1.0,0.0
185000.0,17.09375,7.670443576191446E-6,185000.0,0.7173038229376257,0.011172369567757858,0.994,0.0,0.8725007244277021,0.006036217303822937,0.0,0.0,0.3874172185430487,185000.0,2870504.0,15.0,184746.3333333333,324.0764166204149,183401.06666666668,6148.647696464492,127.9333333333333,4.52716667411727,64.46666666666664,2.2635833370586345,64.46666666666664,2.2635833370586345,9.466666666666667,0.7432233529572065,0.0,0.0,0.0,0.0,1.0,0.0
186000.0,17.234375,7.77537801897981E-6,186000.0,0.8945338698859826,0.053352570386414735,0.994,0.0,0.7173038229376257,0.006036217303822937,0.0,0.0,0.3861386138613823,186000.0,2884416.0,15.0,185734.66666666672,325.01728891742147,184320.5333333333,5733.904751148041,128.6,4.910629869404303,64.8,2.4553149347021512,64.8,2.4553149347021512,9.466666666666667,0.7432233529572065,0.0,0.0,0.0,0.0,1.0,0.0
187000.0,17.390625,7.893112714454116E-6,187000.0,0.7950594030715734,0.03929799862582609,0.986,0.0,0.8945338698859826,0.014198782961460446,0.0,0.0,-0.4290393013100458,187000.0,2912640.0,15.0,186732.53333333333,320.8515158731452,186188.8,6320.377420918559,129.26666666666665,4.772939595359695,65.13333333333333,2.386469797679847,65.13333333333333,2.386469797679847,9.466666666666667,0.7432233529572065,0.0,0.0,0.0,0.0,1.0,0.0
188000.0,17.546875,8.011396178820478E-6,188000.0,0.911164314516129,0.041334904212417485,0.992,0.0,0.7950594030715734,0.008064516129032258,0.0,0.0,0.1826086956521753,188000.0,2926216.0,15.0,187739.86666666664,322.7316148723236,187084.26666666666,6067.55558532037,130.33333333333331,4.320493798938571,65.66666666666666,2.1602468994692856,65.66666666666666,2.1602468994692856,9.533333333333333,0.7432233529572065,0.0,0.0,0.0,0.0,1.0,0.0
189000.0,17.703125,8.130459625843082E-6,189000.0,0.84,0.043187280535718395,0.99,0.0,0.911164314516129,0.010101010101010102,0.0,0.0,-0.021621621621622296,189000.0,2945512.0,15.0,188746.73333333334,315.7022708336504,188361.06666666665,5801.743081260351,130.86666666666667,4.3730778090275875,65.93333333333334,2.1865389045137937,65.93333333333334,2.1865389045137937,9.6,0.6324555320336759,0.0,0.0,0.0,0.0,1.0,0.0
190000.0,17.875,8.261936664995218E-6,190000.0,0.8548246884960881,0.03486024134822553,0.986,0.0,0.84,0.014198782961460446,0.0,0.0,-0.4270386266094407,190000.0,2956920.0,15.0,189743.66666666666,314.7338255611923,189116.26666666663,5534.558744402128,131.39999999999998,4.222389303293977,66.19999999999999,2.1111946516469886,66.19999999999999,2.1111946516469886,9.6,0.6324555320336759,0.0,0.0,0.0,0.0,1.0,0.0
191000.0,18.046875,8.39372566487226E-6,191000.0,0.6987483815278377,0.015788445333356688,0.993,0.0,0.8548246884960881,0.007049345417925478,0.0,0.0,0.28540887226082545,191000.0,2963936.0,15.0,190738.8,311.4505693410394,189579.73333333334,5757.104722076224,131.93333333333334,4.399134113934353,66.46666666666667,2.1995670569671764,66.46666666666667,2.1995670569671764,9.6,0.6324555320336759,0.0,0.0,0.0,0.0,1.0,0.0
192000.0,18.203125,8.514459025011291E-6,192000.0,0.7681086519114688,0.03613340311246105,0.994,0.0,0.6987483815278377,0.006036217303822937,0.0,0.0,0.3862546616941931,192000.0,2986824.0,15.0,191736.53333333333,318.89650508022027,191091.19999999998,5999.480968026675,133.13333333333335,4.627042663464842,67.06666666666668,2.313521331732421,67.06666666666668,2.313521331732421,9.6,0.6324555320336759,0.0,0.0,0.0,0.0,1.0,0.0
193000.0,18.390625,8.660246708637308E-6,193000.0,0.8468686868686869,0.02922336002306192,0.99,0.0,0.7681086519114688,0.010101010101010102,0.0,0.0,-0.022787493375730775,193000.0,3005536.0,15.0,192735.19999999998,319.5313979653974,192328.53333333335,6150.388395014077,133.8,4.459340117743235,67.4,2.2296700588716174,67.4,2.2296700588716174,9.6,0.6324555320336759,0.0,0.0,0.0,0.0,1.0,0.0
194000.0,18.5625,8.794823790796926E-6,194000.0,0.9085023737591713,0.02566287653829415,0.993,0.0,0.8468686868686869,0.007049345417925478,0.0,0.0,0.28299894403378806,194000.0,3026640.0,15.0,193736.3333333333,311.598795767595,193723.2,5679.388940973944,134.73333333333335,4.199773236508756,67.86666666666667,2.099886618254378,67.86666666666667,2.099886618254378,9.666666666666666,0.8164965809277261,0.0,0.0,0.0,0.0,1.0,0.0
195000.0,18.71875,8.917686581197709E-6,195000.0,0.8728080430208089,0.058241848642277466,0.987,0.0,0.9085023737591713,0.013171225937183385,0.0,0.0,-0.32931305715784087,195000.0,3039504.0,15.0,194735.4,307.3185411170084,194572.8,6171.061534059013,135.66666666666663,4.820590756130955,68.33333333333331,2.4102953780654777,68.33333333333331,2.4102953780654777,9.666666666666666,0.8164965809277261,0.0,0.0,0.0,0.0,1.0,0.0
196000.0,18.859375,9.028985158592046E-6,196000.0,0.7841414141414141,0.03698640962961254,0.99,0.0,0.8728080430208089,0.010101010101010102,0.0,0.0,-0.022430881585806486,196000.0,3059352.0,15.0,195731.46666666665,298.09343373864914,195886.4,6486.735969873995,136.2,4.887301329539061,68.6,2.4436506647695304,68.6,2.4436506647695304,9.733333333333333,0.7988086367179804,0.0,0.0,0.0,0.0,1.0,0.0
197000.0,19.0,9.140373666822494E-6,197000.0,0.8143211692251126,0.02823263547740639,0.989,0.0,0.7841414141414141,0.011122345803842264,0.0,0.0,-0.12396265560165555,197000.0,3061824.0,15.0,196715.53333333333,299.4387289262282,196048.0,6912.679199433873,137.0,5.014265364224072,69.0,2.507132682112036,69.0,2.507132682112036,9.733333333333333,0.7988086367179804,0.0,0.0,0.0,0.0,1.0,0.0
198000.0,19.171875,9.27753678600614E-6,198000.0,0.9368699596774194,0.05437491270403497,0.992,0.0,0.8143211692251126,0.008064516129032258,0.0,0.0,0.1818181818181808,198000.0,3084800.0,15.0,197706.53333333333,301.80312094066306,197568.53333333333,6485.760026689973,137.4,4.852098220652296,69.2,2.426049110326148,69.2,2.426049110326148,9.733333333333333,0.7988086367179804,0.0,0.0,0.0,0.0,1.0,0.0
199000.0,19.34375,9.415686298679144E-6,199000.0,0.8354765801574312,0.03789581334307893,0.987,0.0,0.9368699596774194,0.013171225937183385,0.0,0.0,-0.3273473576192991,199000.0,3106984.0,15.0,198705.26666666666,307.90245827133026,199034.66666666666,6718.3873348410325,138.46666666666667,4.983783225431783,69.73333333333333,2.4918916127158917,69.73333333333333,2.4918916127158917,9.733333333333333,0.7988086367179804,0.0,0.0,0.0,0.0,1.0,0.0
200000.0,19.484375,9.529181633196354E-6,200000.0,0.9179280188361923,0.06211230764954434,0.991,0.0,0.8354765801574312,0.009081735620585268,0.0,0.0,0.08069458631255977,200000.0,3119736.0,15.0,199702.26666666666,300.5391504486263,199875.73333333334,6812.887194413949,139.39999999999998,5.2481289182771835,70.19999999999999,2.6240644591385918,70.19999999999999,2.6240644591385918,9.733333333333333,0.7988086367179804,0.0,0.0,0.0,0.0,1.0,0.0
