learning evaluation instances,evaluation time (cpu seconds),model cost (RAM-Hours),classified instances,AUC,sAUC,Accuracy,Kappa,Periodical holdout AUC,Pos/Neg ratio,G-Mean,Recall,KappaM,model training instances,model serialized size (bytes),ensemble size,size of class 0,size of class 1,[avg] model training instances,[err] model training instances,[avg] model serialized size (bytes),[err] model serialized size (bytes),[avg] tree size (nodes),[err] tree size (nodes),[avg] tree size (leaves),[err] tree size (leaves),[avg] active learning leaves,[err] active learning leaves,[avg] tree depth,[err] tree depth,[avg] active leaf byte size estimate,[err] active leaf byte size estimate,[avg] inactive leaf byte size estimate,[err] inactive leaf byte size estimate,[avg] byte size estimate overhead,[err] byte size estimate overhead
1000.0,0.125,1.503878997431861E-8,1000.0,0.7354612462252816,0.34758238012828,0.669,0.16243243790360137,0.0,0.11482720178372352,0.6736706043843447,0.6796116504854369,-2.213592233009709,1000.0,465056.0,15.0,0.8753263228193041,0.12467367718069583,183.60000000000002,9.708611788363095,2944.0,0.0,1.0,0.0,1.0,0.0,1.0,0.0,0.0,0.0,0.0,0.0,0.0,0.0,1.0,0.0
2000.0,0.296875,3.57171261890067E-8,2000.0,0.7553270630745523,0.3159791144313588,0.662,0.12881209146957526,0.7354612462252816,0.08932461873638345,0.6659588941803973,0.6707317073170732,-2.6540540540540527,2000.0,465056.0,15.0,0.8883292011447638,0.11167079885523616,331.5333333333334,15.329088439334951,2944.0,0.0,1.0,0.0,1.0,0.0,1.0,0.0,0.0,0.0,0.0,0.0,0.0,0.0,1.0,0.0
3000.0,0.4375,5.2635764910115144E-8,3000.0,0.7358268805309734,0.2949503077801416,0.626,0.12469574985957707,0.7553270630745523,0.10619469026548672,0.6525986176450363,0.6875,-2.99288256227758,3000.0,465056.0,15.0,0.9064180803111538,0.09358191968884615,507.20000000000005,19.254684031239183,2944.0,0.0,1.0,0.0,1.0,0.0,1.0,0.0,0.0,0.0,0.0,0.0,0.0,0.0,1.0,0.0
4000.0,0.578125,6.955440363122358E-8,4000.0,0.7341818337912088,0.29707812752523727,0.637,0.1422008809573324,0.7358268805309734,0.11607142857142858,0.6607235669083795,0.6923076923076923,-2.7714285714285736,4000.0,465056.0,15.0,0.8186191889255305,0.1813808110744694,700.1333333333334,15.578678958603586,2944.0,0.0,1.0,0.0,1.0,0.0,1.0,0.0,0.0,0.0,0.0,0.0,0.0,0.0,1.0,0.0
5000.0,0.671875,8.083349611196254E-8,5000.0,0.7859220300165182,0.316061872312272,0.635,0.15722294570206802,0.7341818337912088,0.12485939257592801,0.6707784709055377,0.7207207207207207,-2.6794354838709693,5000.0,465056.0,15.0,0.9007411212204306,0.09925887877956933,901.0666666666667,15.804459888934899,2944.0,0.0,1.0,0.0,1.0,0.0,1.0,0.0,0.0,0.0,0.0,0.0,0.0,0.0,1.0,0.0
6000.0,0.765625,9.21125885927015E-8,6000.0,0.7511080157021653,0.30972387053504014,0.597,0.11750536504182528,0.7859220300165182,0.1185682326621924,0.6390649695356975,0.6981132075471698,-3.016611295681061,6000.0,465056.0,15.0,0.7414782643458401,0.2585217356541598,1087.0666666666664,16.002083197717326,2944.0,0.0,1.0,0.0,1.0,0.0,1.0,0.0,0.0,0.0,0.0,0.0,0.0,0.0,1.0,0.0
7000.0,0.859375,1.0339168107344045E-7,7000.0,0.8355538811065064,0.3769521882338795,0.655,0.17102379762408215,0.7511080157021653,0.10741971207087486,0.7006065347274725,0.7628865979381443,-2.454935622317596,7000.0,465056.0,15.0,0.9905366712595932,0.00946332874040663,1265.2666666666667,25.214697150292178,2944.0,0.0,1.0,0.0,1.0,0.0,1.0,0.0,0.0,0.0,0.0,0.0,0.0,0.0,1.0,0.0
8000.0,0.9375,1.1279092480738959E-7,8000.0,0.7307099742518256,0.3116050716409138,0.623,0.11975941647287365,0.8355538811065064,0.1185682326621924,0.635122846991965,0.6509433962264151,-2.7465838509316782,8000.0,465056.0,15.0,0.9576025945919903,0.04239740540800979,1460.8666666666668,29.24982702431555,2944.0,0.0,1.0,0.0,1.0,0.0,1.0,0.0,0.0,0.0,0.0,0.0,0.0,0.0,1.0,0.0
9000.0,1.015625,1.2219016854133872E-7,9000.0,0.7888666785276972,0.35684595346368675,0.667,0.18858858273472479,0.7307099742518256,0.11982082866741321,0.7010458549817685,0.7476635514018691,-2.2861842105263137,9000.0,465056.0,15.0,0.9414644019735844,0.058535598026415656,1660.7333333333333,26.358697850632762,2944.0,0.0,1.0,0.0,1.0,0.0,1.0,0.0,0.0,0.0,0.0,0.0,0.0,0.0,1.0,0.0
10000.0,1.09375,1.3158941227528784E-7,10000.0,0.7976272172143065,0.34307520440175676,0.645,0.16245930259991515,0.7888666785276972,0.10497237569060773,0.6969046338091032,0.7684210526315789,-2.5253227408142993,10000.0,465056.0,15.0,0.9485058997396377,0.051494100260362184,1836.4666666666667,29.09557321917515,2944.0,0.0,1.0,0.0,1.0,0.0,1.0,0.0,0.0,0.0,0.0,0.0,0.0,0.0,1.0,0.0
11000.0,1.1875,1.428685047560268E-7,11000.0,0.7053273746187132,0.2953147393344363,0.638,0.15041423173507962,0.7976272172143065,0.12485939257592801,0.6616288335186613,0.6936936936936937,-2.5617173524150267,11000.0,465056.0,15.0,0.905397118235314,0.094602881764686,2034.2666666666667,33.475933074943484,2944.0,0.0,1.0,0.0,1.0,0.0,1.0,0.0,0.0,0.0,0.0,0.0,0.0,0.0,1.0,0.0
12000.0,1.265625,1.5226774848997593E-7,12000.0,0.7944998960282803,0.35986275358760383,0.667,0.16609904639794867,0.7053273746187132,0.09170305676855896,0.7131280908397082,0.7738095238095238,-2.324459234608986,12000.0,465056.0,15.0,0.9983437353884118,0.0016562646115881997,2191.2,31.99598189058836,2944.0,0.0,1.0,0.0,1.0,0.0,1.0,0.0,0.0,0.0,0.0,0.0,0.0,0.0,1.0,0.0
13000.0,1.359375,1.635468409707149E-7,13000.0,0.7903052503052503,0.35576231923083795,0.642,0.13676697530864196,0.7944998960282803,0.0989010989010989,0.6720660471060651,0.7111111111111111,-2.6021671826625377,13000.0,465056.0,15.0,0.8011148275877392,0.19888517241226084,2352.6,36.1184559075116,2944.0,0.0,1.0,0.0,1.0,0.0,1.0,0.0,0.0,0.0,0.0,0.0,0.0,0.0,1.0,0.0
14000.0,1.453125,1.7482593345145387E-7,14000.0,0.7867517875383044,0.3583397292025658,0.674,0.19783464566929163,0.7903052503052503,0.12359550561797752,0.7041682406455222,0.7454545454545455,-2.255349500713268,14000.0,465056.0,15.0,0.9924294793752966,0.0075705206247033046,2554.333333333333,35.166271719741125,2944.0,0.0,1.0,0.0,1.0,0.0,1.0,0.0,0.0,0.0,0.0,0.0,0.0,0.0,1.0,0.0
15000.0,1.5625,1.8798487467898266E-7,15000.0,0.7730891330891331,0.336035796505338,0.645,0.12141761124585457,0.7867517875383044,0.0989010989010989,0.6497299147714858,0.6555555555555556,-2.5690348525469155,15000.0,465056.0,15.0,0.9875580641544157,0.012441935845584277,2722.6,40.9839689913717,2944.0,0.0,1.0,0.0,1.0,0.0,1.0,0.0,0.0,0.0,0.0,0.0,0.0,0.0,1.0,0.0
16000.0,1.671875,2.0114381590651145E-7,16000.0,0.7704203691045797,0.34623738108197405,0.661,0.13959390862944174,0.7730891330891331,0.08225108225108226,0.6945906278887423,0.7368421052631579,-2.459183673469388,16000.0,465056.0,15.0,0.8799204193335853,0.12007958066641457,2861.133333333333,36.73236538349618,2944.0,0.0,1.0,0.0,1.0,0.0,1.0,0.0,0.0,0.0,0.0,0.0,0.0,0.0,1.0,0.0
17000.0,1.75,2.1054305964046057E-7,17000.0,0.7198569969356486,0.306446615648743,0.633,0.13193623160982082,0.7704203691045797,0.12359550561797752,0.642327229426654,0.6545454545454545,-2.718116805721096,17000.0,465056.0,15.0,0.9054518558664183,0.09454814413358165,3061.1333333333337,42.80164660829014,2944.0,0.0,1.0,0.0,1.0,0.0,1.0,0.0,0.0,0.0,0.0,0.0,0.0,0.0,1.0,0.0
18000.0,1.84375,2.2182215212119954E-7,18000.0,0.7998099461514095,0.3433121311198342,0.658,0.17864279126959753,0.7198569969356486,0.10864745011086474,0.7073787053543624,0.7755102040816326,-2.4662162162162153,18000.0,465056.0,15.0,0.9464389177896518,0.05356108221034804,3241.1333333333337,49.51748128066455,2944.0,0.0,1.0,0.0,1.0,0.0,1.0,0.0,0.0,0.0,0.0,0.0,0.0,0.0,1.0,0.0
19000.0,1.96875,2.3781787604093556E-7,19000.0,0.7819207235967013,0.32983100171757224,0.685,0.19106317411402166,0.7998099461514095,0.11731843575418995,0.6977331898011158,0.7142857142857143,-2.181818181818182,19000.0,494648.0,15.0,0.8224516402737202,0.17754835972627975,3431.466666666667,48.31424910589711,4900.266666666666,1395.545129877142,2.4666666666666663,0.9154754164341268,1.7333333333333332,0.4577377082170634,1.7333333333333332,0.4577377082170634,0.7333333333333333,0.4577377082170634,0.0,0.0,0.0,0.0,1.0,0.0
20000.0,2.0625,2.5017089986552797E-7,20000.0,0.829872483514564,0.34512960522264025,0.803,0.32590574998973465,0.7819207235967013,0.11358574610244988,0.7580305039962865,0.7058823529411765,-0.9868885526979327,20000.0,509336.0,15.0,0.9046928529245019,0.095307147075498,3611.8666666666663,52.821622556712484,5872.0,0.0,3.0,0.0,2.0,0.0,2.0,0.0,1.0,0.0,0.0,0.0,0.0,0.0,1.0,0.0
21000.0,2.171875,2.647416679085129E-7,21000.0,0.8442014435898227,0.4291530962351922,0.799,0.3499184972444306,0.829872483514564,0.122334455667789,0.7780623544417092,0.7522935779816514,-1.0176864244741872,21000.0,514952.0,15.0,0.7465082473747263,0.25349175262527374,3808.2666666666673,56.56029231419059,6243.2,981.1051494542847,3.2666666666666675,0.7037315505489968,2.1333333333333337,0.3518657752744984,2.1333333333333337,0.3518657752744984,1.1333333333333337,0.3518657752744984,0.0,0.0,0.0,0.0,1.0,0.0
22000.0,2.265625,2.772378825789525E-7,22000.0,0.8805823286030989,0.47700354485307284,0.835,0.38247578556565204,0.8442014435898227,0.10253583241455347,0.8019194291808848,0.7634408602150538,-0.6613272311212811,22000.0,515240.0,15.0,0.7967989953168382,0.2032010046831618,3981.8666666666663,59.78994978454232,6262.4,1030.2629900037314,3.2666666666666675,0.7037315505489968,2.1333333333333337,0.3518657752744984,2.1333333333333337,0.3518657752744984,1.1333333333333337,0.3518657752744984,0.0,0.0,0.0,0.0,1.0,0.0
23000.0,2.359375,2.8973409724939204E-7,23000.0,0.8014895260989011,0.39083640908085643,0.804,0.32256815793839516,0.8805823286030989,0.11607142857142858,0.7473266801711312,0.6826923076923077,-0.9694189602446469,23000.0,515240.0,15.0,0.884815356309613,0.11518464369038682,4181.0,59.11852501542995,6262.4,1030.2629900037314,3.2666666666666675,0.7037315505489968,2.1333333333333337,0.3518657752744984,2.1333333333333337,0.3518657752744984,1.1333333333333337,0.3518657752744984,0.0,0.0,0.0,0.0,1.0,0.0
24000.0,2.453125,3.0251669361152587E-7,24000.0,0.771032048259771,0.37844307448698966,0.798,0.2784631980511365,0.8014895260989011,0.1001100110011001,0.7316462792091103,0.6593406593406593,-1.0369747899159667,24000.0,527048.0,15.0,0.9076217062901891,0.09237829370981071,4348.266666666666,57.10074638824992,7043.2,1484.766994707058,3.8000000000000003,1.01418510567422,2.4000000000000004,0.5070925528371099,2.4000000000000004,0.5070925528371099,1.4000000000000001,0.50709255283711,0.0,0.0,0.0,0.0,1.0,0.0
25000.0,2.5625,3.1791730887360046E-7,25000.0,0.7682756696428571,0.3210826350876202,0.802,0.2718018124043783,0.771032048259771,0.11607142857142858,0.685882525363419,0.5673076923076923,-0.9927536231884052,25000.0,544280.0,15.0,0.9772655043718814,0.022734495628118617,4536.333333333334,65.4268038854617,8182.400000000001,1198.7048248600893,4.6,0.828078671210825,2.8,0.4140393356054125,2.8,0.4140393356054125,1.7999999999999998,0.4140393356054125,0.0,0.0,0.0,0.0,1.0,0.0
26000.0,2.65625,3.312010731961992E-7,26000.0,0.8163710585585585,0.3644771256825227,0.799,0.3447988108587373,0.7682756696428571,0.12612612612612611,0.7646967375280872,0.7232142857142857,-1.0130970724191066,26000.0,547712.0,15.0,0.999911577142473,8.842285752694069E-5,4735.8,63.301094551583994,8409.6,1030.2629900037314,4.7333333333333325,0.7037315505489967,2.8666666666666663,0.35186577527449836,2.8666666666666663,0.35186577527449836,1.8666666666666667,0.3518657752744984,0.0,0.0,0.0,0.0,1.0,0.0
27000.0,2.75,3.44484837518798E-7,27000.0,0.7834531022497769,0.3546202517725866,0.816,0.2913482869115107,0.8163710585585585,0.10375275938189846,0.712738617222473,0.6063829787234043,-0.8468401486988854,27000.0,547712.0,15.0,0.9755865992840126,0.024413400715987438,4912.533333333334,63.58780955347931,8409.6,1030.2629900037314,4.7333333333333325,0.7037315505489967,2.8666666666666663,0.35186577527449836,2.8666666666666663,0.35186577527449836,1.8666666666666667,0.3518657752744984,0.0,0.0,0.0,0.0,1.0,0.0
28000.0,2.875,3.62196523282263E-7,28000.0,0.8038339438339438,0.3605451083388344,0.833,0.31831169891419686,0.7834531022497769,0.0989010989010989,0.7288909735221388,0.6222222222222222,-0.6820143884892086,28000.0,547712.0,15.0,0.9957171286375068,0.004282871362493112,5078.4,62.426871503498205,8409.6,1030.2629900037314,4.7333333333333325,0.7037315505489967,2.8666666666666663,0.35186577527449836,2.8666666666666663,0.35186577527449836,1.8666666666666667,0.3518657752744984,0.0,0.0,0.0,0.0,1.0,0.0
29000.0,2.96875,3.754934813413355E-7,29000.0,0.7656998115713712,0.3396694436269232,0.807,0.30942191816113046,0.8038339438339438,0.122334455667789,0.7144982348705348,0.6146788990825688,-0.9373485635167865,29000.0,548256.0,15.0,0.7932595291362037,0.2067404708637962,5271.266666666667,62.235114877451124,8444.8,1375.6836845728744,5.0,0.0,3.0,0.0,3.0,0.0,2.0,0.0,0.0,0.0,0.0,0.0,1.0,0.0
30000.0,3.03125,3.844447847869661E-7,30000.0,0.7373208956045771,0.3402410960551789,0.846,0.3642825887733954,0.7656998115713712,0.11234705228031146,0.7316667904517156,0.6138613861386139,-0.5451505016722409,30000.0,553616.0,15.0,0.8405662949009005,0.15943370509909943,5456.266666666667,64.74948060096884,8800.0,0.0,5.0,0.0,3.0,0.0,3.0,0.0,2.0,0.0,0.0,0.0,0.0,0.0,1.0,0.0
31000.0,3.125,3.97871739955412E-7,31000.0,0.7773666666666667,0.3638396700502349,0.819,0.3306213017751477,0.7373208956045771,0.1111111111111111,0.7431016081263719,0.66,-0.8158576051779931,31000.0,553616.0,15.0,0.9439731265468657,0.05602687345313427,5639.8,66.57026363174467,8800.0,0.0,5.0,0.0,3.0,0.0,3.0,0.0,2.0,0.0,0.0,0.0,0.0,0.0,1.0,0.0
32000.0,3.203125,4.0906086926245026E-7,32000.0,0.8288339633614423,0.3986585672962732,0.83,0.34878375790078486,0.7773666666666667,0.10497237569060773,0.7605036515446815,0.6842105263157895,-0.708006279434852,32000.0,553616.0,15.0,0.9633542906171967,0.036645709382803274,5810.400000000001,66.87707273156376,8800.0,0.0,5.0,0.0,3.0,0.0,3.0,0.0,2.0,0.0,0.0,0.0,0.0,0.0,1.0,0.0
33000.0,3.265625,4.1801217270808086E-7,33000.0,0.7787908955156342,0.36223929462095983,0.834,0.3380124421757854,0.8288339633614423,0.10864745011086474,0.7303623172368406,0.6224489795918368,-0.6685957965275662,33000.0,553616.0,15.0,0.9136219539759568,0.08637804602404313,5993.466666666666,77.7862149618764,8800.0,0.0,5.0,0.0,3.0,0.0,3.0,0.0,2.0,0.0,0.0,0.0,0.0,0.0,1.0,0.0
34000.0,3.375,4.3367695373793443E-7,34000.0,0.7811946452943055,0.37385617234639756,0.819,0.3626491260194089,0.7787908955156342,0.13250283125707815,0.7436593326825316,0.6581196581196581,-0.8100000000000009,34000.0,553616.0,15.0,0.9037818967837985,0.09621810321620153,6200.400000000001,73.85390984910698,8800.0,0.0,5.0,0.0,3.0,0.0,3.0,0.0,2.0,0.0,0.0,0.0,0.0,0.0,1.0,0.0
35000.0,3.453125,4.448660830449727E-7,35000.0,0.8105240755520086,0.38525812059588543,0.816,0.34189348689151927,0.7811946452943055,0.11731843575418995,0.7502416033659575,0.6761904761904762,-0.837375178316692,35000.0,553616.0,15.0,0.9405406104030041,0.05945938959699586,6391.8,76.77164655187296,8800.0,0.0,5.0,0.0,3.0,0.0,3.0,0.0,2.0,0.0,0.0,0.0,0.0,0.0,1.0,0.0
36000.0,3.53125,4.56055212352011E-7,36000.0,0.8070132930979416,0.39454303526433543,0.823,0.3599942146369681,0.8105240755520086,0.11234705228031146,0.7716949957363753,0.7128712871287128,-0.7670549084858581,36000.0,553616.0,15.0,0.8812427329465707,0.1187572670534293,6585.4,77.6712853725788,8800.0,0.0,5.0,0.0,3.0,0.0,3.0,0.0,2.0,0.0,0.0,0.0,0.0,0.0,1.0,0.0
37000.0,3.625,4.6948216752045687E-7,37000.0,0.7853254104837051,0.38566467076335703,0.828,0.36046641333204427,0.8070132930979416,0.11482720178372352,0.757824757047832,0.6796116504854369,-0.71582636829334,37000.0,553616.0,15.0,0.8611031103020951,0.13889688969790492,6773.0666666666675,78.9832411398291,8800.0,0.0,5.0,0.0,3.0,0.0,3.0,0.0,2.0,0.0,0.0,0.0,0.0,0.0,1.0,0.0
38000.0,3.703125,4.806712968274951E-7,38000.0,0.7501982853042263,0.34465568578329797,0.812,0.2618129559679279,0.7853254104837051,0.09529025191675794,0.6990084107097735,0.5862068965517241,-0.8819810326659637,38000.0,553616.0,15.0,0.9532806385073691,0.046719361492630784,6936.8,84.16836867680325,8800.0,0.0,5.0,0.0,3.0,0.0,3.0,0.0,2.0,0.0,0.0,0.0,0.0,0.0,1.0,0.0
39000.0,3.796875,4.940982519959411E-7,39000.0,0.7206105650123871,0.32314182038171657,0.806,0.26917658049982307,0.7501982853042263,0.10741971207087486,0.6924603372241808,0.5773195876288659,-0.9434883123555088,39000.0,553616.0,15.0,0.9233501198117067,0.07664988018829323,7119.133333333333,82.80688952243612,8800.0,0.0,5.0,0.0,3.0,0.0,3.0,0.0,2.0,0.0,0.0,0.0,0.0,0.0,1.0,0.0
40000.0,3.875,5.052873813029794E-7,40000.0,0.8099646415943427,0.3817604440231436,0.819,0.3107912573299819,0.7206105650123871,0.09289617486338798,0.7592989373399519,0.6941176470588235,-0.8200100553041727,40000.0,553616.0,15.0,0.7742494070295638,0.22575059297043618,7275.799999999999,84.31929113282924,8800.0,0.0,5.0,0.0,3.0,0.0,3.0,0.0,2.0,0.0,0.0,0.0,0.0,0.0,1.0,0.0
41000.0,3.96875,5.187143364714253E-7,41000.0,0.8517135842330071,0.3811533574203077,0.832,0.34218254434394413,0.8099646415943427,0.10987791342952276,0.7369761811860384,0.6363636363636364,-0.6894775570272267,41000.0,553616.0,15.0,0.9756879466615129,0.024312053338486888,7461.2,85.10094845870651,8800.0,0.0,5.0,0.0,3.0,0.0,3.0,0.0,2.0,0.0,0.0,0.0,0.0,0.0,1.0,0.0
42000.0,4.046875,5.299034657784636E-7,42000.0,0.781019182740847,0.37263767799625563,0.813,0.2715912809086798,0.8517135842330071,0.08932461873638345,0.7250462879473936,0.6341463414634146,-0.8884347198845883,42000.0,553616.0,15.0,0.8891545442802685,0.1108454557197314,7616.466666666666,83.69320391138322,8800.0,0.0,5.0,0.0,3.0,0.0,3.0,0.0,2.0,0.0,0.0,0.0,0.0,0.0,1.0,0.0
43000.0,4.125,5.410925950855019E-7,43000.0,0.7932356083216775,0.38955303644450107,0.836,0.37260422803540927,0.781019182740847,0.11234705228031146,0.763451925177828,0.6831683168316832,-0.6553990610328642,43000.0,553616.0,15.0,0.9971918792877671,0.002808120712232839,7800.066666666667,83.1139206723146,8800.0,0.0,5.0,0.0,3.0,0.0,3.0,0.0,2.0,0.0,0.0,0.0,0.0,0.0,1.0,0.0
44000.0,4.21875,5.545195502539478E-7,44000.0,0.7551174668028601,0.36355930808304554,0.827,0.362705370957047,0.7932356083216775,0.12359550561797752,0.7451580167100207,0.6545454545454545,-0.7418764302059493,44000.0,553616.0,15.0,0.7627042119890541,0.2372957880109458,8003.333333333333,79.76901176581809,8800.0,0.0,5.0,0.0,3.0,0.0,3.0,0.0,2.0,0.0,0.0,0.0,0.0,0.0,1.0,0.0
45000.0,4.3125,5.679465054223938E-7,45000.0,0.7513950892857143,0.3757053829505769,0.822,0.3415211601065402,0.7551174668028601,0.11607142857142858,0.7417703244844149,0.6538461538461539,-0.7903442109968719,45000.0,553616.0,15.0,0.8079854384235671,0.19201456157643287,8198.666666666664,80.45199692688654,8800.0,0.0,5.0,0.0,3.0,0.0,3.0,0.0,2.0,0.0,0.0,0.0,0.0,0.0,1.0,0.0
46000.0,4.40625,5.813734605908397E-7,46000.0,0.6936650067036966,0.3052612795204689,0.814,0.24708549222797882,0.7513950892857143,0.1013215859030837,0.6634346734860397,0.5217391304347826,-0.8738501971090673,46000.0,553616.0,15.0,0.9852053331905584,0.0147946668094415,8375.666666666666,80.04344058667382,8800.0,0.0,5.0,0.0,3.0,0.0,3.0,0.0,2.0,0.0,0.0,0.0,0.0,0.0,1.0,0.0
47000.0,4.484375,5.92562589897878E-7,47000.0,0.8365775059612296,0.38729051718407687,0.832,0.38857063828857985,0.6936650067036966,0.1273957158962796,0.761583991751601,0.6814159292035398,-0.6875400726650998,47000.0,553616.0,15.0,0.957822165001718,0.042177834998281746,8580.866666666667,84.47558114345125,8800.0,0.0,5.0,0.0,3.0,0.0,3.0,0.0,2.0,0.0,0.0,0.0,0.0,0.0,1.0,0.0
48000.0,4.578125,6.059895450663239E-7,48000.0,0.8450488412181575,0.37809530728483426,0.826,0.3267921257892778,0.8365775059612296,0.1013215859030837,0.7474098157475139,0.6630434782608695,-0.7505763990777616,48000.0,553616.0,15.0,0.8628360687976808,0.13716393120231904,8751.933333333332,83.90936153005178,8800.0,0.0,5.0,0.0,3.0,0.0,3.0,0.0,2.0,0.0,0.0,0.0,0.0,0.0,1.0,0.0
49000.0,4.65625,6.172342950271239E-7,49000.0,0.7819981504949138,0.3670493177388524,0.829,0.32934864457831275,0.8450488412181575,0.10741971207087486,0.7313340350592503,0.6288659793814433,-0.7212407559572733,49000.0,556368.0,15.0,0.7999207652104277,0.2000792347895723,8930.133333333335,87.77639339876809,8981.866666666667,704.3665712302555,5.133333333333333,0.5163977794943222,3.0666666666666664,0.2581988897471611,3.0666666666666664,0.2581988897471611,2.0666666666666664,0.2581988897471611,0.0,0.0,0.0,0.0,1.0,0.0
50000.0,4.765625,6.333108305827615E-7,50000.0,0.7604291267942583,0.34210784350410495,0.855,0.35256295767101276,0.7819981504949138,0.09649122807017543,0.7341323850993597,0.6136363636363636,-0.4628732849071836,50000.0,568168.0,15.0,0.9577965916437108,0.04220340835628914,9091.333333333334,90.42097312544479,9761.599999999999,1399.9647342497085,5.800000000000001,1.01418510567422,3.4000000000000004,0.50709255283711,3.4000000000000004,0.50709255283711,2.4000000000000004,0.50709255283711,0.0,0.0,0.0,0.0,1.0,0.0
51000.0,4.859375,6.475113655647473E-7,51000.0,0.8280755414873564,0.35143256386334243,0.834,0.3571920911393187,0.7604291267942583,0.10253583241455347,0.7697943698565295,0.6989247311827957,-0.6767676767676776,51000.0,585512.0,15.0,0.8585107942384266,0.1414892057615735,9259.200000000003,90.63285433944117,10907.733333333334,1598.1013496676371,6.7333333333333325,0.7037315505489968,3.8666666666666663,0.3518657752744984,3.8666666666666663,0.3518657752744984,2.8,0.4140393356054125,0.0,0.0,0.0,0.0,1.0,0.0
52000.0,4.9375,6.596977861287697E-7,52000.0,0.7808719828697631,0.326891575143356,0.829,0.3064793484961551,0.8280755414873564,0.10987791342952276,0.6966325576435991,0.5656565656565656,-0.7272727272727281,52000.0,602960.0,15.0,0.9991786815055699,8.213184944300386E-4,9441.93333333333,91.12038086796885,12062.400000000003,1794.3943188242022,7.266666666666667,1.2798809468443688,4.133333333333334,0.6399404734221845,4.133333333333334,0.6399404734221845,3.0666666666666664,0.7037315505489967,0.0,0.0,0.0,0.0,1.0,0.0
53000.0,5.03125,6.745333666913215E-7,53000.0,0.8152843092985605,0.34785337186872317,0.858,0.3896935573988909,0.7808719828697631,0.11234705228031146,0.7372450169994196,0.6138613861386139,-0.4337969136978472,53000.0,611696.0,15.0,0.9522444035007112,0.04775559649928889,9630.4,97.9189168941029,12640.0,2061.9258681422775,7.666666666666667,1.4474937289114918,4.333333333333334,0.723746864455746,4.333333333333334,0.723746864455746,3.2666666666666666,0.7988086367179801,0.0,0.0,0.0,0.0,1.0,0.0
54000.0,5.125,6.895218393765393E-7,54000.0,0.8531597887868698,0.3706799009005455,0.86,0.4150825151451847,0.8152843092985605,0.10987791342952276,0.7717808569115923,0.6767676767676768,-0.41361256544502634,54000.0,618000.0,15.0,0.9359367842495123,0.06406321575048757,9814.800000000001,96.74724063986811,13057.066666666668,2149.5213908039646,7.933333333333331,1.4864467059144124,4.466666666666666,0.7432233529572063,4.466666666666666,0.7432233529572063,3.4,0.828078671210825,0.0,0.0,0.0,0.0,1.0,0.0
55000.0,5.203125,7.021967192283938E-7,55000.0,0.8305321314335563,0.37715546805013866,0.848,0.37507708753032115,0.8531597887868698,0.10497237569060773,0.758436125331725,0.6631578947368421,-0.5359176924490173,55000.0,627128.0,15.0,0.9902913702957451,0.009708629704254932,9987.866666666663,97.41946612947662,13660.266666666666,1422.1171072266397,8.466666666666667,0.9154754164341267,4.733333333333333,0.45773770821706333,4.733333333333333,0.45773770821706333,3.6,0.5070925528371099,0.0,0.0,0.0,0.0,1.0,0.0
56000.0,5.296875,7.176999416616232E-7,56000.0,0.7997405245111667,0.3665632199767832,0.86,0.42320844422837667,0.8305321314335563,0.122334455667789,0.7545889907358264,0.6422018348623854,-0.4121037463976954,56000.0,639224.0,15.0,0.9317005941212949,0.06829940587870499,10192.599999999999,98.62903078853452,14460.8,1340.256009659562,8.866666666666667,0.9154754164341269,4.933333333333334,0.45773770821706344,4.933333333333334,0.45773770821706344,3.8,0.560611910581388,0.0,0.0,0.0,0.0,1.0,0.0
57000.0,5.390625,7.333298627701075E-7,57000.0,0.8011114483364905,0.38481294886825207,0.871,0.4567872121814415,0.7997405245111667,0.11982082866741321,0.7759290640546099,0.6728971962616822,-0.2993461742357307,57000.0,644448.0,15.0,0.9851448814172145,0.014855118582785607,10383.800000000001,98.09412389566049,14805.866666666667,1277.334605824995,9.133333333333333,0.9154754164341269,5.066666666666666,0.45773770821706344,5.066666666666666,0.45773770821706344,3.933333333333333,0.45773770821706344,0.0,0.0,0.0,0.0,1.0,0.0
58000.0,5.484375,7.490410805783342E-7,58000.0,0.7945198191008247,0.3626080825367305,0.845,0.38089151621664796,0.8011114483364905,0.11731843575418995,0.7447680417554301,0.638095238095238,-0.559680777238029,58000.0,647800.0,15.0,0.7620146097438018,0.23798539025619836,10582.199999999999,99.55127896143333,15027.733333333334,1479.832783346371,9.266666666666666,1.0327955589886446,5.133333333333333,0.5163977794943223,5.133333333333333,0.5163977794943223,4.0,0.3779644730092272,0.0,0.0,0.0,0.0,1.0,0.0
59000.0,5.578125,7.648770568064521E-7,59000.0,0.8508188763665527,0.3925617356203492,0.878,0.4670813530891809,0.7945198191008247,0.1185682326621924,0.7725614052615823,0.660377358490566,-0.22623509369676267,59000.0,652944.0,15.0,0.9155519779495781,0.08444802205042194,10781.266666666666,100.23291921937687,15367.466666666665,1271.5739328354707,9.533333333333331,0.9154754164341273,5.266666666666666,0.45773770821706367,5.266666666666666,0.45773770821706367,4.133333333333333,0.3518657752744984,0.0,0.0,0.0,0.0,1.0,0.0
60000.0,5.703125,7.860253228702482E-7,60000.0,0.832317105613195,0.37735759259316154,0.879,0.4624133641371958,0.8508188763665527,0.11731843575418995,0.7660528210991848,0.6476190476190476,-0.21506276150627582,60000.0,653984.0,15.0,0.9035083975053815,0.09649160249461854,10972.4,99.45551769509842,15436.800000000001,1340.2560096595616,9.533333333333331,0.9154754164341273,5.266666666666666,0.45773770821706367,5.266666666666666,0.45773770821706367,4.133333333333333,0.3518657752744984,0.0,0.0,0.0,0.0,1.0,0.0
61000.0,5.796875,8.018865224180954E-7,61000.0,0.8045460301380271,0.33029767168970753,0.854,0.3751497928578767,0.832317105613195,0.1185682326621924,0.7144631255161751,0.5754716981132075,-0.464561749712218,61000.0,653984.0,15.0,0.9052289872338182,0.09477101276618177,11168.333333333334,99.3339725131241,15436.800000000001,1340.2560096595616,9.533333333333331,0.9154754164341273,5.266666666666666,0.45773770821706367,5.266666666666666,0.45773770821706367,4.133333333333333,0.3518657752744984,0.0,0.0,0.0,0.0,1.0,0.0
62000.0,5.890625,8.177477219659425E-7,62000.0,0.8546031746031746,0.3921950062326551,0.87,0.407906722535981,0.8045460301380271,0.0989010989010989,0.7643538933222452,0.6555555555555556,-0.30610922054772294,62000.0,653984.0,15.0,0.981655873811342,0.01834412618865792,11336.000000000002,103.73455134552395,15436.800000000001,1340.2560096595616,9.533333333333331,0.9154754164341273,5.266666666666666,0.45773770821706367,5.266666666666666,0.45773770821706367,4.133333333333333,0.3518657752744984,0.0,0.0,0.0,0.0,1.0,0.0
63000.0,5.96875,8.309653882558152E-7,63000.0,0.8171672771672772,0.38540697596547246,0.886,0.4564180812511919,0.8546031746031746,0.0989010989010989,0.7838806442749205,0.6777777777777778,-0.14710110206037402,63000.0,653984.0,15.0,0.9130948977848498,0.08690510221515019,11499.666666666666,105.9006722403231,15436.800000000001,1340.2560096595616,9.533333333333331,0.9154754164341273,5.266666666666666,0.45773770821706367,5.266666666666666,0.45773770821706367,4.133333333333333,0.3518657752744984,0.0,0.0,0.0,0.0,1.0,0.0
64000.0,6.0625,8.468265878036623E-7,64000.0,0.8030549430814817,0.3676512497765932,0.86,0.4329734064527625,0.8171672771672772,0.1273957158962796,0.7570904440537451,0.6460176991150443,-0.4057106997176024,64000.0,653984.0,15.0,0.9743323037767028,0.025667696223297023,11706.666666666664,103.8059086308027,15436.800000000001,1340.2560096595616,9.533333333333331,0.9154754164341273,5.266666666666666,0.45773770821706367,5.266666666666666,0.45773770821706367,4.133333333333333,0.3518657752744984,0.0,0.0,0.0,0.0,1.0,0.0
65000.0,6.171875,8.653990031840905E-7,65000.0,0.8873516615096442,0.436060551769626,0.876,0.46596380612763466,0.8030549430814817,0.10253583241455347,0.817845791290446,0.7526881720430108,-0.24632750889129468,65000.0,656376.0,15.0,0.9149944669851763,0.08500553301482369,11875.666666666666,108.01829651013932,15594.666666666668,1380.5726900025772,9.666666666666666,0.9759000729485332,5.333333333333333,0.4879500364742666,5.333333333333333,0.4879500364742666,4.133333333333333,0.3518657752744984,0.0,0.0,0.0,0.0,1.0,0.0
66000.0,6.21875,8.733654006694758E-7,66000.0,0.7872340425531915,0.3324285966486056,0.865,0.39973321476211643,0.8873516615096442,0.11982082866741321,0.7164325738742484,0.5700934579439252,-0.35533921508974786,66000.0,656936.0,15.0,0.9624842703750001,0.037515729625000015,12070.0,117.11654756816286,15631.999999999998,1428.7177067966525,9.666666666666666,0.9759000729485332,5.333333333333333,0.4879500364742666,5.333333333333333,0.4879500364742666,4.133333333333333,0.3518657752744984,0.0,0.0,0.0,0.0,1.0,0.0
67000.0,6.328125,8.919536614687083E-7,67000.0,0.8621570923191197,0.43071358506940427,0.89,0.4844829363851946,0.7872340425531915,0.09529025191675794,0.8216533637148111,0.7471264367816092,-0.106440474403243,67000.0,656936.0,15.0,0.9826858667290125,0.017314133270987443,12223.533333333333,120.8540245010285,15631.999999999998,1428.7177067966525,9.666666666666666,0.9759000729485332,5.333333333333333,0.4879500364742666,5.333333333333333,0.4879500364742666,4.133333333333333,0.3518657752744984,0.0,0.0,0.0,0.0,1.0,0.0
68000.0,6.40625,9.052906534634535E-7,68000.0,0.8006227106227106,0.3414885005810027,0.859,0.35052970981114673,0.8621570923191197,0.0989010989010989,0.7158079018709924,0.5777777777777777,-0.4202340394015701,68000.0,659888.0,15.0,0.9789254275662608,0.021074572433739173,12386.6,121.72087507314204,15827.2,1484.7669947070578,9.799999999999999,1.01418510567422,5.3999999999999995,0.50709255283711,5.3999999999999995,0.50709255283711,4.133333333333333,0.3518657752744984,0.0,0.0,0.0,0.0,1.0,0.0
69000.0,6.46875,9.160034500786831E-7,69000.0,0.803339325221239,0.29685918905685593,0.863,0.33196801248293356,0.8006227106227106,0.10619469026548672,0.6647742314207598,0.4895833333333333,-0.3806046443697972,69000.0,662560.0,15.0,0.8772161125314512,0.12278388746854882,12567.466666666665,124.07766385077775,16003.733333333334,1826.6268469764807,9.933333333333334,1.2798809468443688,5.466666666666667,0.6399404734221844,5.466666666666667,0.6399404734221844,4.133333333333333,0.3518657752744984,0.0,0.0,0.0,0.0,1.0,0.0
70000.0,6.578125,9.349258228515589E-7,70000.0,0.8473338274301763,0.37095908011765577,0.847,0.3963830324453983,0.803339325221239,0.13122171945701358,0.733001575098296,0.6120689655172413,-0.5381301163291692,70000.0,668744.0,15.0,0.9862981260735596,0.013701873926440292,12779.066666666666,126.69167672890327,16412.8,2157.316428210885,10.200000000000001,1.4735767952260144,5.6000000000000005,0.7367883976130072,5.6000000000000005,0.7367883976130072,4.133333333333333,0.3518657752744984,0.0,0.0,0.0,0.0,1.0,0.0
71000.0,6.65625,9.485611291084856E-7,71000.0,0.8411738234032088,0.3885841714454057,0.872,0.4444492669334467,0.8473338274301763,0.11982082866741321,0.7564232382555035,0.6355140186915887,-0.28543140028288516,71000.0,674648.0,15.0,0.9455414109178639,0.0544585890821361,12969.866666666667,130.95520862747952,16803.2,2060.5259800074627,10.466666666666665,1.4074631010979937,5.7333333333333325,0.7037315505489968,5.7333333333333325,0.7037315505489968,4.133333333333333,0.3518657752744984,0.0,0.0,0.0,0.0,1.0,0.0
72000.0,6.75,9.650666874626448E-7,72000.0,0.8028861960452773,0.3410544144924541,0.856,0.33769960997865933,0.8411738234032088,0.10375275938189846,0.6943125295465724,0.5425531914893617,-0.44723618090452233,72000.0,680552.0,15.0,0.8578099688601821,0.14219003113981793,13141.666666666666,128.31527393030626,17193.600000000002,1873.745706180156,10.733333333333333,1.2798809468443688,5.866666666666666,0.6399404734221844,5.866666666666666,0.6399404734221844,4.133333333333333,0.3518657752744984,0.0,0.0,0.0,0.0,1.0,0.0
73000.0,6.84375,9.817086457688778E-7,73000.0,0.8051217109891656,0.36601115558391817,0.882,0.4343294886913835,0.8028861960452773,0.11482720178372352,0.7249550668165797,0.5728155339805825,-0.18535846979496298,73000.0,686176.0,15.0,0.8175722916818857,0.18242770831811414,13328.733333333332,130.50093960617787,17565.333333333332,1566.750717096951,11.0,1.0690449676496974,6.0,0.5345224838248487,6.0,0.5345224838248487,4.133333333333333,0.3518657752744984,0.0,0.0,0.0,0.0,1.0,0.0
74000.0,6.921875,9.956906109841336E-7,74000.0,0.8443327387708772,0.3928034874721538,0.849,0.42086126750839953,0.8051217109891656,0.13507377979568672,0.7529958416424892,0.6470588235294118,-0.5128621716761448,74000.0,691800.0,15.0,0.9309432310877119,0.069056768912288,13545.733333333332,131.09563938845054,17937.066666666666,1049.9430914283378,11.266666666666666,0.7037315505489968,6.133333333333333,0.3518657752744984,6.133333333333333,0.3518657752744984,4.133333333333333,0.3518657752744984,0.0,0.0,0.0,0.0,1.0,0.0
75000.0,7.015625,1.012482551029987E-6,75000.0,0.8046945462433355,0.3531480432191535,0.857,0.35798434020544473,0.8443327387708772,0.10741971207087486,0.7096411427902721,0.5670103092783505,-0.43324869704663854,75000.0,692360.0,15.0,0.988502447976737,0.011497552023263028,13722.06666666667,133.76443402311304,17974.399999999998,1030.2629900037314,11.266666666666666,0.7037315505489968,6.133333333333333,0.3518657752744984,6.133333333333333,0.3518657752744984,4.133333333333333,0.3518657752744984,0.0,0.0,0.0,0.0,1.0,0.0
76000.0,7.125,1.0320731477501495E-6,76000.0,0.7579620215311005,0.34989382611659753,0.859,0.3610194685132148,0.8046945462433355,0.09649122807017543,0.7359631420196824,0.6136363636363636,-0.41540087174745677,76000.0,692360.0,15.0,0.9698226205160801,0.030177379483919756,13883.666666666666,126.04912118845144,17974.399999999998,1030.2629900037314,11.266666666666666,0.7037315505489968,6.133333333333333,0.3518657752744984,6.133333333333333,0.3518657752744984,4.133333333333333,0.3518657752744984,0.0,0.0,0.0,0.0,1.0,0.0
77000.0,7.21875,1.048865087796003E-6,77000.0,0.7728990421390326,0.3878971455861515,0.863,0.41051943134487634,0.7579620215311005,0.10741971207087486,0.7640708554371217,0.6597938144329897,-0.3757172665623375,77000.0,692360.0,15.0,0.6294224399563549,0.3705775600436451,14058.533333333335,130.89956164210466,17974.399999999998,1030.2629900037314,11.266666666666666,0.7037315505489968,6.133333333333333,0.3518657752744984,6.133333333333333,0.3518657752744984,4.133333333333333,0.3518657752744984,0.0,0.0,0.0,0.0,1.0,0.0
78000.0,7.3125,1.0656570278418564E-6,78000.0,0.8316003787878787,0.3871899956680964,0.866,0.46227929373996807,0.7728990421390326,0.13636363636363635,0.7629190353801999,0.65,-0.3420647149460715,78000.0,692360.0,15.0,0.9087686219845242,0.09123137801547587,14283.8,134.0736471389617,17974.399999999998,1030.2629900037314,11.266666666666666,0.7037315505489968,6.133333333333333,0.3518657752744984,6.133333333333333,0.3518657752744984,4.133333333333333,0.3518657752744984,0.0,0.0,0.0,0.0,1.0,0.0
79000.0,7.375,1.076851654539092E-6,79000.0,0.8718381660551352,0.4083437613279073,0.887,0.49483208755051683,0.8316003787878787,0.11482720178372352,0.7918800828760284,0.6893203883495146,-0.13128881003675108,79000.0,692360.0,15.0,0.7763537055702476,0.22364629442975242,14472.933333333334,134.28459472684253,17974.399999999998,1030.2629900037314,11.266666666666666,0.7037315505489968,6.133333333333333,0.3518657752744984,6.133333333333333,0.3518657752744984,4.133333333333333,0.3518657752744984,0.0,0.0,0.0,0.0,1.0,0.0
80000.0,7.46875,1.0936435945849454E-6,80000.0,0.8265444444444444,0.41249560754771425,0.876,0.4636678200692043,0.8718381660551352,0.1111111111111111,0.7917631520151016,0.7,-0.24139657114253513,80000.0,692360.0,15.0,0.9844438973722481,0.01555610262775183,14661.599999999999,135.62121620791604,17974.399999999998,1030.2629900037314,11.266666666666666,0.7037315505489968,6.133333333333333,0.3518657752744984,6.133333333333333,0.3518657752744984,4.133333333333333,0.3518657752744984,0.0,0.0,0.0,0.0,1.0,0.0
81000.0,7.546875,1.10763687795649E-6,81000.0,0.8077954451032971,0.37282398138342376,0.872,0.4047342231316562,0.8265444444444444,0.09529025191675794,0.7647530489603636,0.6551724137931034,-0.283486011388958,81000.0,692360.0,15.0,0.8982079056175277,0.10179209438247219,14819.866666666665,136.11910051058064,17974.399999999998,1030.2629900037314,11.266666666666666,0.7037315505489968,6.133333333333333,0.3518657752744984,6.133333333333333,0.3518657752744984,4.133333333333333,0.3518657752744984,0.0,0.0,0.0,0.0,1.0,0.0
82000.0,7.59375,1.1160328479794166E-6,82000.0,0.773453186297223,0.37318009098298144,0.865,0.4309751820879417,0.8077954451032971,0.122334455667789,0.7520192855904551,0.6330275229357798,-0.3521436423598384,82000.0,692360.0,15.0,0.8259657860197512,0.17403421398024874,15019.733333333334,134.49453874555996,17974.399999999998,1030.2629900037314,11.266666666666666,0.7037315505489968,6.133333333333333,0.3518657752744984,6.133333333333333,0.3518657752744984,4.133333333333333,0.3518657752744984,0.0,0.0,0.0,0.0,1.0,0.0
83000.0,7.703125,1.135623444699579E-6,83000.0,0.7463686139644328,0.3157726682397797,0.857,0.3529763089786982,0.773453186297223,0.10864745011086474,0.7003874345580519,0.5510204081632653,-0.43258901629450813,83000.0,692360.0,15.0,0.8529955682535358,0.14700443174646433,15197.133333333333,134.94065715113788,17974.399999999998,1030.2629900037314,11.266666666666666,0.7037315505489968,6.133333333333333,0.3518657752744984,6.133333333333333,0.3518657752744984,4.133333333333333,0.3518657752744984,0.0,0.0,0.0,0.0,1.0,0.0
84000.0,7.78125,1.1496167280711235E-6,84000.0,0.7919052530497563,0.35640530332328285,0.883,0.4301911051370463,0.7463686139644328,0.10253583241455347,0.7471061882877634,0.6129032258064516,-0.1730723322988773,84000.0,692360.0,15.0,0.7964859714073156,0.20351402859268433,15370.266666666668,135.29199462467747,17974.399999999998,1030.2629900037314,11.266666666666666,0.7037315505489968,6.133333333333333,0.3518657752744984,6.133333333333333,0.3518657752744984,4.133333333333333,0.3518657752744984,0.0,0.0,0.0,0.0,1.0,0.0
85000.0,7.859375,1.163610011442668E-6,85000.0,0.7625052839227843,0.35017320247456685,0.863,0.3814451608242579,0.7919052530497563,0.10375275938189846,0.7344748396797449,0.6063829787234043,-0.37452785646836717,85000.0,692360.0,15.0,0.8250365666315594,0.17496343336844045,15534.266666666666,135.9293233720412,17974.399999999998,1030.2629900037314,11.266666666666666,0.7037315505489968,6.133333333333333,0.3518657752744984,6.133333333333333,0.3518657752744984,4.133333333333333,0.3518657752744984,0.0,0.0,0.0,0.0,1.0,0.0
86000.0,7.953125,1.1804019514885215E-6,86000.0,0.8269254066674743,0.3865310757394591,0.863,0.42881443556860077,0.7625052839227843,0.11234705228031146,0.7767732546699748,0.6831683168316832,-0.3743147089700219,86000.0,692360.0,15.0,0.8599459722377857,0.14005402776221426,15715.733333333332,143.63170494938325,17974.399999999998,1030.2629900037314,11.266666666666666,0.7037315505489968,6.133333333333333,0.3518657752744984,6.133333333333333,0.3518657752744984,4.133333333333333,0.3518657752744984,0.0,0.0,0.0,0.0,1.0,0.0
87000.0,8.015625,1.1915965781857571E-6,87000.0,0.8291189171234015,0.3615808127599382,0.862,0.4127859477124185,0.8269254066674743,0.1210762331838565,0.7384722780382427,0.6111111111111112,-0.3830203893560643,87000.0,692360.0,15.0,0.8351428269073674,0.16485717309263254,15912.333333333334,148.17492879637086,17974.399999999998,1030.2629900037314,11.266666666666666,0.7037315505489968,6.133333333333333,0.3518657752744984,6.133333333333333,0.3518657752744984,4.133333333333333,0.3518657752744984,0.0,0.0,0.0,0.0,1.0,0.0
88000.0,8.109375,1.2083885182316106E-6,88000.0,0.8327567900811728,0.39282617039446843,0.875,0.44282988927915584,0.8291189171234015,0.10741971207087486,0.7752993957144367,0.6701030927835051,-0.25313283208020043,88000.0,692360.0,15.0,0.9964701096964852,0.003529890303514706,16089.066666666668,151.7189444177557,17974.399999999998,1030.2629900037314,11.266666666666666,0.7037315505489968,6.133333333333333,0.3518657752744984,6.133333333333333,0.3518657752744984,4.133333333333333,0.3518657752744984,0.0,0.0,0.0,0.0,1.0,0.0
89000.0,8.203125,1.225180458277464E-6,89000.0,0.7445329908977604,0.3499449995130482,0.872,0.3809546839483481,0.8327567900811728,0.09529025191675794,0.7326787282775898,0.5977011494252874,-0.28505358150028176,89000.0,692360.0,15.0,0.9713232745818543,0.028676725418145577,16253.266666666666,150.3108525055738,17974.399999999998,1030.2629900037314,11.266666666666666,0.7037315505489968,6.133333333333333,0.3518657752744984,6.133333333333333,0.3518657752744984,4.133333333333333,0.3518657752744984,0.0,0.0,0.0,0.0,1.0,0.0
90000.0,8.296875,1.2419723983233175E-6,90000.0,0.8428815628815629,0.40254250219639626,0.877,0.4418731282330518,0.7445329908977604,0.0989010989010989,0.7912988349251161,0.7,-0.23618090452261264,90000.0,692360.0,15.0,0.8801853804778091,0.11981461952219086,16424.13333333333,148.881480507467,17974.399999999998,1030.2629900037314,11.266666666666666,0.7037315505489968,6.133333333333333,0.3518657752744984,6.133333333333333,0.3518657752744984,4.133333333333333,0.3518657752744984,0.0,0.0,0.0,0.0,1.0,0.0
91000.0,8.375,1.255965681694862E-6,91000.0,0.7398222222222223,0.33502879489894943,0.874,0.4056603773584905,0.8428815628815629,0.1111111111111111,0.7193283904680347,0.57,-0.2662617338487024,91000.0,692360.0,15.0,0.9227840986344269,0.07721590136557324,16604.666666666668,153.48600060250567,17974.399999999998,1030.2629900037314,11.266666666666666,0.7037315505489968,6.133333333333333,0.3518657752744984,6.133333333333333,0.3518657752744984,4.133333333333333,0.3518657752744984,0.0,0.0,0.0,0.0,1.0,0.0
92000.0,8.46875,1.272829217163639E-6,92000.0,0.7904529494743562,0.3494061013298006,0.875,0.43989389349918456,0.7398222222222223,0.122334455667789,0.7362869223520738,0.5963302752293578,-0.25491051942383264,92000.0,695312.0,15.0,0.781450266105316,0.2185497338946839,16795.866666666665,160.71886131052705,18169.600000000002,1212.3071746526477,11.399999999999999,0.8280786712108252,6.199999999999999,0.4140393356054126,6.199999999999999,0.4140393356054126,4.133333333333333,0.3518657752744984,0.0,0.0,0.0,0.0,1.0,0.0
93000.0,8.5625,1.289692752632416E-6,93000.0,0.7395548691140945,0.3295405289940592,0.874,0.42866470780280785,0.7904529494743562,0.12866817155756208,0.7112322078025617,0.5526315789473685,-0.26298771286915296,93000.0,695312.0,15.0,0.8767748386424622,0.12322516135753768,17003.200000000004,156.99099155228956,18169.600000000002,1212.3071746526477,11.399999999999999,0.8280786712108252,6.199999999999999,0.4140393356054126,6.199999999999999,0.4140393356054126,4.133333333333333,0.3518657752744984,0.0,0.0,0.0,0.0,1.0,0.0
94000.0,8.671875,1.3093668773459892E-6,94000.0,0.8114432658309225,0.3794210196358897,0.877,0.4034338927151031,0.7395548691140945,0.09289617486338798,0.755921656408128,0.6352941176470588,-0.23486062159564278,94000.0,695312.0,15.0,0.9059995337570872,0.09400046624291272,17156.666666666668,157.0366957418683,18169.600000000002,1212.3071746526477,11.399999999999999,0.8280786712108252,6.199999999999999,0.4140393356054126,6.199999999999999,0.4140393356054126,4.133333333333333,0.3518657752744984,0.0,0.0,0.0,0.0,1.0,0.0
95000.0,8.734375,1.3206924066051014E-6,95000.0,0.8383663042054238,0.3578622577792543,0.87,0.42522637238256916,0.8114432658309225,0.11358574610244988,0.7504456658033459,0.6274509803921569,-0.3048071843634445,95000.0,700456.0,15.0,0.7973698004361736,0.2026301995638264,17342.2,155.34992758286074,18509.333333333332,1359.635805577922,11.666666666666668,0.9759000729485333,6.333333333333334,0.48795003647426666,6.333333333333334,0.48795003647426666,4.2666666666666675,0.4577377082170636,0.0,0.0,0.0,0.0,1.0,0.0
96000.0,8.828125,1.337685551132179E-6,96000.0,0.8150019153418885,0.4099747566825372,0.888,0.4854454572184654,0.8383663042054238,0.1013215859030837,0.8114693896807288,0.7282608695652174,-0.12503923825468247,96000.0,700656.0,15.0,0.8608015446084797,0.1391984553915203,17512.866666666665,163.10551653395882,18522.666666666668,1376.5104258162933,11.666666666666668,0.9759000729485333,6.333333333333334,0.48795003647426666,6.333333333333334,0.48795003647426666,4.2666666666666675,0.4577377082170636,0.0,0.0,0.0,0.0,1.0,0.0
97000.0,8.921875,1.354743500188407E-6,97000.0,0.8270557666273637,0.36300816715786255,0.879,0.4475188574142059,0.8150019153418885,0.11358574610244988,0.7546238675898819,0.6274509803921569,-0.21513614245781174,97000.0,703328.0,15.0,0.9123081777844532,0.08769182221554671,17701.733333333334,162.11876892604184,18699.2,1416.741694371782,11.8,1.01418510567422,6.4,0.50709255283711,6.4,0.50709255283711,4.333333333333334,0.48795003647426666,0.0,0.0,0.0,0.0,1.0,0.0
98000.0,9.046875,1.3778327977181309E-6,98000.0,0.755927171566185,0.33120849488069537,0.845,0.3678629690048938,0.8270557666273637,0.1210762331838565,0.7203129106536108,0.5925925925925926,-0.5552370226272142,98000.0,714008.0,15.0,0.9904741948239931,0.009525805176006798,17894.86666666667,160.43061102040568,19404.800000000003,1669.3096605654512,12.333333333333332,1.2344267996967353,6.666666666666666,0.6172133998483676,6.666666666666666,0.6172133998483676,4.6,0.6324555320336759,0.0,0.0,0.0,0.0,1.0,0.0
99000.0,9.15625,1.3980773575086561E-6,99000.0,0.7632975990683974,0.32900892773123286,0.864,0.3827104458101471,0.755927171566185,0.10741971207087486,0.7246769585000679,0.5876288659793815,-0.36496350364963515,99000.0,715472.0,15.0,0.9986788769699687,0.0013211230300312184,18070.600000000006,161.03850471238113,19501.33333333334,1973.4851936419,12.6,1.1212238211627763,6.8,0.5606119105813882,6.8,0.5606119105813882,4.733333333333333,0.5936168397046637,0.0,0.0,0.0,0.0,1.0,0.0
100000.0,9.28125,1.4215896307076845E-6,100000.0,0.8388507581803671,0.3852548804034568,0.882,0.48478365279657704,0.7632975990683974,0.11731843575418995,0.7877757184641805,0.6857142857142857,-0.18366937506269493,100000.0,727088.0,15.0,0.9635953354355656,0.036404664564434315,18263.133333333335,163.39298230544227,20269.86666666667,1672.1461772510313,13.0,1.0690449676496976,7.0,0.5345224838248488,7.0,0.5345224838248488,4.933333333333334,0.5936168397046637,0.0,0.0,0.0,0.0,1.0,0.0
101000.0,9.34375,1.4333997064063119E-6,101000.0,0.8311846038863976,0.37803253419057975,0.872,0.4516792323509255,0.8388507581803671,0.1210762331838565,0.7633819715881143,0.6481481481481481,-0.2829215044159971,101000.0,730424.0,15.0,0.926887488604212,0.073112511395788,18459.0,165.20982329839165,20490.13333333333,1531.249996695821,13.266666666666666,1.2798809468443688,7.133333333333333,0.6399404734221844,7.133333333333333,0.6399404734221844,5.066666666666666,0.7037315505489967,0.0,0.0,0.0,0.0,1.0,0.0
102000.0,9.453125,1.454144528704799E-6,102000.0,0.8034426510989011,0.3587358610925051,0.847,0.38144830039781386,0.8311846038863976,0.11607142857142858,0.7437497114229747,0.6346153846153846,-0.5328553187309698,102000.0,733152.0,15.0,0.962357863845092,0.03764213615490793,18642.666666666664,167.1430809929316,20669.86666666667,1937.7547340991869,13.533333333333333,1.4074631010979934,7.266666666666667,0.7037315505489967,7.266666666666667,0.7037315505489967,5.2,0.7745966692414834,0.0,0.0,0.0,0.0,1.0,0.0
103000.0,9.546875,1.4722055897841023E-6,103000.0,0.8161066556047197,0.3535208780758125,0.873,0.4086862591723469,0.8034426510989011,0.10619469026548672,0.7380282219144353,0.6041666666666666,-0.2728422691446919,103000.0,744688.0,15.0,0.8971942740747831,0.10280572592521678,18818.066666666662,171.04906007453295,21433.066666666666,2045.8959429853242,13.933333333333334,1.4864467059144129,7.466666666666667,0.7432233529572064,7.466666666666667,0.7432233529572064,5.4,0.828078671210825,0.0,0.0,0.0,0.0,1.0,0.0
104000.0,9.671875,1.496710756327957E-6,104000.0,0.8063234202366916,0.3478375954949006,0.868,0.4037940379403795,0.8161066556047197,0.11358574610244988,0.7275168414669901,0.5882352941176471,-0.32267077753155365,104000.0,757792.0,15.0,0.9903674238129128,0.009632576187087107,19009.533333333333,172.32065901629306,22299.73333333333,2017.1671602474976,14.333333333333332,1.447493728911492,7.666666666666666,0.723746864455746,7.666666666666666,0.723746864455746,5.533333333333334,0.6399404734221844,0.0,0.0,0.0,0.0,1.0,0.0
105000.0,9.75,1.5120914839725529E-6,105000.0,0.8040888888888889,0.3371033031813524,0.868,0.39114391143911464,0.8063234202366916,0.1111111111111111,0.7166821703749391,0.57,-0.32264529058116237,105000.0,761008.0,15.0,0.8444366921987413,0.15556330780125865,19182.2,176.28961560860145,22512.0,1700.3582815731174,14.600000000000001,1.1212238211627763,7.800000000000001,0.5606119105813882,7.800000000000001,0.5606119105813882,5.666666666666666,0.4879500364742666,0.0,0.0,0.0,0.0,1.0,0.0
106000.0,9.84375,1.5307478153974646E-6,106000.0,0.7796737157570386,0.3263003763346309,0.873,0.41503767710079764,0.8040888888888889,0.1185682326621924,0.7174624991137479,0.5660377358490566,-0.2717997165800668,106000.0,769232.0,15.0,0.8239173211085088,0.17608267889149115,19370.666666666668,176.79151024649912,23056.0,1321.9760101562256,14.866666666666667,0.9154754164341269,7.933333333333334,0.45773770821706344,7.933333333333334,0.45773770821706344,5.733333333333333,0.45773770821706355,0.0,0.0,0.0,0.0,1.0,0.0
107000.0,9.921875,1.5464677643548283E-6,107000.0,0.8964441671865253,0.41351522057808227,0.897,0.4753463732681336,0.7796737157570386,0.09170305676855896,0.7952571772439375,0.6904761904761905,-0.03299278282875594,107000.0,777792.0,15.0,0.759593178386127,0.2404068216138731,19522.333333333332,171.23612213493317,23621.333333333336,1461.8584388503884,15.4,1.1212238211627759,8.199999999999998,0.5606119105813879,8.199999999999998,0.5606119105813879,5.866666666666667,0.35186577527449847,0.0,0.0,0.0,0.0,1.0,0.0
108000.0,10.015625,1.565550757934236E-6,108000.0,0.8243088045068243,0.38867989813914194,0.891,0.45219523962688957,0.8964441671865253,0.1001100110011001,0.7580848462399012,0.6263736263736264,-0.09405204460966535,108000.0,786824.0,15.0,0.867119653793452,0.13288034620654796,19692.466666666667,172.828927252465,24218.666666666668,1344.8387405541375,15.799999999999999,1.0141851056742197,8.4,0.5070925528371101,8.4,0.5070925528371101,6.0,0.0,0.0,0.0,0.0,0.0,1.0,0.0
109000.0,10.09375,1.5815509121037192E-6,109000.0,0.8122765736006154,0.3788036286669615,0.884,0.4532634516043888,0.8243088045068243,0.10864745011086474,0.7593035789287317,0.6326530612244898,-0.1644870141830904,109000.0,791656.0,15.0,0.8696296079774021,0.13037039202259795,19871.4,165.53627138140183,24539.2,1475.135790359654,15.933333333333334,1.0327955589886444,8.466666666666667,0.5163977794943222,8.466666666666667,0.5163977794943222,6.0,0.0,0.0,0.0,0.0,0.0,1.0,0.0
110000.0,10.1875,1.600834528087742E-6,110000.0,0.8277542039918278,0.37548393964326504,0.88,0.42750822956920015,0.8122765736006154,0.1001100110011001,0.7591843865600612,0.6373626373626373,-0.2055895515572197,110000.0,795096.0,15.0,0.9085200264843044,0.09147997351569552,20039.600000000002,171.4042006486418,24766.933333333334,1511.549038317347,16.066666666666663,1.2798809468443682,8.533333333333331,0.6399404734221841,8.533333333333331,0.6399404734221841,6.066666666666666,0.2581988897471611,0.0,0.0,0.0,0.0,1.0,0.0
111000.0,10.296875,1.623491439709647E-6,111000.0,0.788279606603597,0.336083244309172,0.881,0.42327078163771703,0.8277542039918278,0.11234705228031146,0.7192179219970806,0.5643564356435643,-0.19538461538461555,111000.0,800728.0,15.0,0.9002794035070046,0.09972059649299535,20230.133333333335,170.02473209450812,25139.733333333334,1817.5144513737387,16.200000000000003,1.2649110640673522,8.600000000000001,0.6324555320336761,8.600000000000001,0.6324555320336761,6.066666666666666,0.2581988897471611,0.0,0.0,0.0,0.0,1.0,0.0
112000.0,10.40625,1.6461565004040798E-6,112000.0,0.8246917219356423,0.34106034045948247,0.867,0.41911250873515005,0.788279606603597,0.12994350282485875,0.7156872938849388,0.5652173913043478,-0.3341692789968647,112000.0,801016.0,15.0,0.8058613052910688,0.1941386947089312,20438.0,176.17929179430507,25158.93333333333,1829.6375701474967,16.200000000000003,1.2649110640673522,8.600000000000001,0.6324555320336761,8.600000000000001,0.6324555320336761,6.066666666666666,0.2581988897471611,0.0,0.0,0.0,0.0,1.0,0.0
113000.0,10.484375,1.6622969997115434E-6,113000.0,0.7792010594695802,0.33885518399291314,0.876,0.406795066831233,0.8246917219356423,0.10741971207087486,0.7240544006039634,0.5773195876288659,-0.24418398153081136,113000.0,798600.0,15.0,0.9784615872918369,0.021538412708163136,20612.399999999998,174.68248746961413,24998.399999999998,2079.7718556198824,16.333333333333332,1.234426799696735,8.666666666666666,0.6172133998483675,8.666666666666666,0.6172133998483675,6.133333333333333,0.3518657752744984,0.0,0.0,0.0,0.0,1.0,0.0
114000.0,10.578125,1.6817954019643367E-6,114000.0,0.8229714164029,0.36066402876576525,0.885,0.48362878747058935,0.7792010594695802,0.13250283125707815,0.7431124572566752,0.5982905982905983,-0.15212233060901675,114000.0,803952.0,15.0,0.9257471741335637,0.07425282586643633,20824.86666666667,172.96938897911824,25352.533333333333,1760.6348638515378,16.46666666666667,1.1872336794093274,8.733333333333334,0.5936168397046637,8.733333333333334,0.5936168397046637,6.133333333333333,0.3518657752744984,0.0,0.0,0.0,0.0,1.0,0.0
115000.0,10.65625,1.6980553886646198E-6,115000.0,0.750977433672177,0.3459244005404552,0.881,0.4320568134091865,0.8229714164029,0.11234705228031146,0.7308384398506094,0.5841584158415841,-0.19207317073170735,115000.0,804512.0,15.0,0.804716640630707,0.19528335936929303,21007.86666666667,168.39403903034145,25389.33333333333,2019.4565982909737,16.6,1.1212238211627765,8.8,0.5606119105813883,8.8,0.5606119105813883,6.133333333333333,0.3518657752744984,0.0,0.0,0.0,0.0,1.0,0.0
116000.0,10.75,1.7177041607081061E-6,116000.0,0.8354243149773876,0.42257579377646515,0.896,0.5296884185773076,0.750977433672177,0.11731843575418995,0.8045362213874163,0.7047619047619048,-0.04134656883901563,116000.0,810152.0,15.0,0.8474782496662547,0.15252175033374518,21201.2,166.55509598928555,25763.2,1672.223635078241,16.6,1.1212238211627765,8.8,0.5606119105813883,8.8,0.5606119105813883,6.133333333333333,0.3518657752744984,0.0,0.0,0.0,0.0,1.0,0.0
117000.0,10.859375,1.7406358771647015E-6,117000.0,0.8724343619369687,0.4282284119100694,0.897,0.513554359119675,0.8354243149773876,0.10375275938189846,0.8135864294661329,0.723404255319149,-0.0318520421268939,117000.0,810440.0,15.0,0.8136774108150165,0.1863225891849834,21372.66666666667,168.3803800356566,25782.4,1641.4716741823047,16.6,1.1212238211627765,8.8,0.5606119105813883,8.8,0.5606119105813883,6.133333333333333,0.3518657752744984,0.0,0.0,0.0,0.0,1.0,0.0
118000.0,10.953125,1.7602916341274976E-6,118000.0,0.72430458824026,0.3030300864907125,0.86,0.362105416636291,0.8724343619369687,0.1185682326621924,0.6835300196380563,0.5188679245283019,-0.4017819261773443,118000.0,810440.0,15.0,0.9506992951548943,0.049300704845105583,21575.266666666666,171.57649966733558,25782.4,1641.4716741823047,16.6,1.1212238211627765,8.8,0.5606119105813883,8.8,0.5606119105813883,6.133333333333333,0.3518657752744984,0.0,0.0,0.0,0.0,1.0,0.0
119000.0,11.0625,1.7832310469303692E-6,119000.0,0.8716605616605616,0.441693101825273,0.914,0.5588838736151007,0.72430458824026,0.0989010989010989,0.8266619401968155,0.7333333333333333,0.1381894736842107,119000.0,810712.0,15.0,0.9909767789315004,0.00902322106849975,21742.13333333333,168.30706065601257,25800.0,1615.77650505437,16.733333333333334,1.0327955589886446,8.866666666666667,0.5163977794943223,8.866666666666667,0.5163977794943223,6.133333333333333,0.3518657752744984,0.0,0.0,0.0,0.0,1.0,0.0
120000.0,11.15625,1.8029516084223155E-6,120000.0,0.7784969947007149,0.32325521848609834,0.877,0.3913181179358262,0.8716605616605616,0.10253583241455347,0.7131543379880889,0.5591397849462365,-0.23328877005347584,120000.0,813112.0,15.0,0.9596707371593755,0.04032926284062454,21908.733333333334,166.81446779781015,25958.933333333334,1508.573189032162,16.733333333333334,1.0327955589886446,8.866666666666667,0.5163977794943223,8.866666666666667,0.5163977794943223,6.133333333333333,0.3518657752744984,0.0,0.0,0.0,0.0,1.0,0.0
121000.0,11.25,1.822730183549639E-6,121000.0,0.7783700575034349,0.3350059060425336,0.872,0.36608557844690925,0.7784969947007149,0.09409190371991247,0.716268140330474,0.5697674418604651,-0.2848846855815503,121000.0,815504.0,15.0,0.959313211187571,0.040686788812428966,22070.2,171.2559488017866,26116.800000000003,1340.7095775851574,16.866666666666667,0.9154754164341269,8.933333333333334,0.45773770821706344,8.933333333333334,0.45773770821706344,6.133333333333333,0.3518657752744984,0.0,0.0,0.0,0.0,1.0,0.0
122000.0,11.34375,1.8425223404645091E-6,122000.0,0.8094996312818095,0.3818245708227052,0.888,0.43942260528344207,0.7783700575034349,0.1001100110011001,0.7505040477123114,0.6153846153846154,-0.1250720461095099,122000.0,816064.0,15.0,0.9400235215944438,0.05997647840555604,22245.93333333333,169.9060524721437,26154.13333333333,1339.2926633470513,16.866666666666667,0.9154754164341269,8.933333333333334,0.45773770821706344,8.933333333333334,0.45773770821706344,6.133333333333333,0.3518657752744984,0.0,0.0,0.0,0.0,1.0,0.0
123000.0,11.4375,1.8623144973793792E-6,123000.0,0.8151296368744887,0.37544737440320675,0.894,0.464662686989283,0.8094996312818095,0.10253583241455347,0.7581794652508985,0.6236559139784946,-0.0653701585226341,123000.0,816064.0,15.0,0.9947886234544735,0.0052113765455264185,22415.333333333332,170.06329353956434,26154.13333333333,1339.2926633470513,16.866666666666667,0.9154754164341269,8.933333333333334,0.45773770821706344,8.933333333333334,0.45773770821706344,6.133333333333333,0.3518657752744984,0.0,0.0,0.0,0.0,1.0,0.0
124000.0,11.53125,1.882185040610946E-6,124000.0,0.7637749314419763,0.3090021716434776,0.871,0.36993259744065654,0.8151296368744887,0.11234705228031146,0.6786587947319012,0.504950495049505,-0.2963773401410163,124000.0,819296.0,15.0,0.841351759313307,0.1586482406866931,22597.13333333333,165.3683622646583,26368.0,1565.0818326391573,17.0,1.0690449676496976,9.0,0.5345224838248488,9.0,0.5345224838248488,6.133333333333333,0.3518657752744984,0.0,0.0,0.0,0.0,1.0,0.0
125000.0,11.640625,1.9053673410477737E-6,125000.0,0.8264778753125035,0.38511298536177363,0.884,0.45714740319908664,0.7637749314419763,0.10987791342952276,0.7614858900668223,0.6363636363636364,-0.16578228010934182,125000.0,819296.0,15.0,0.938500256677523,0.06149974332247703,22777.466666666664,167.93743165947558,26368.0,1565.0818326391573,17.0,1.0690449676496976,9.0,0.5345224838248488,9.0,0.5345224838248488,6.133333333333333,0.3518657752744984,0.0,0.0,0.0,0.0,1.0,0.0
126000.0,11.734375,1.9252378842793405E-6,126000.0,0.7922312868731564,0.38231931883627046,0.895,0.4839381905398498,0.8264778753125035,0.10619469026548672,0.7714335341687695,0.6458333333333334,-0.05552896122546634,126000.0,819296.0,15.0,0.9830218746072419,0.016978125392758087,22954.53333333333,164.5317453809301,26368.0,1565.0818326391573,17.0,1.0690449676496976,9.0,0.5345224838248488,9.0,0.5345224838248488,6.133333333333333,0.3518657752744984,0.0,0.0,0.0,0.0,1.0,0.0
127000.0,11.796875,1.9385281161198184E-6,127000.0,0.801509287483874,0.3393160981454908,0.881,0.4149229074889865,0.7922312868731564,0.10741971207087486,0.7201809446127392,0.5670103092783505,-0.1965006729475094,127000.0,821968.0,15.0,0.9504047923229428,0.04959520767705716,23133.666666666664,165.62852871353306,26544.533333333333,1707.905562238091,17.133333333333333,1.1872336794093272,9.066666666666666,0.5936168397046636,9.066666666666666,0.5936168397046636,6.133333333333333,0.3518657752744984,0.0,0.0,0.0,0.0,1.0,0.0
128000.0,11.90625,1.961793718186931E-6,128000.0,0.8330337389380531,0.36478506516961845,0.887,0.44461919553336215,0.801509287483874,0.10619469026548672,0.7443401237095927,0.6041666666666666,-0.13648149603205736,128000.0,822240.0,15.0,0.8853310396375216,0.11466896036247841,23306.6,162.5773661983729,26562.133333333335,1707.316602435641,17.266666666666666,1.2798809468443688,9.133333333333333,0.6399404734221844,9.133333333333333,0.6399404734221844,6.133333333333333,0.3518657752744984,0.0,0.0,0.0,0.0,1.0,0.0
129000.0,12.015625,1.9852184535314636E-6,129000.0,0.8011325563978926,0.38159340717715046,0.903,0.46530549247017855,0.8330337389380531,0.09051254089422028,0.7625050737311032,0.6265060240963856,0.023185011709602635,129000.0,827864.0,15.0,0.9133517932312707,0.0866482067687293,23456.733333333334,166.1292382740736,26933.86666666666,1930.1433650182073,17.53333333333333,1.4074631010979939,9.266666666666666,0.7037315505489969,9.266666666666666,0.7037315505489969,6.133333333333333,0.3518657752744984,0.0,0.0,0.0,0.0,1.0,0.0
130000.0,12.0625,1.9953258257980145E-6,130000.0,0.8607386363636363,0.4147359850903559,0.894,0.5410460685833046,0.8011325563978926,0.13636363636363635,0.7852812659593165,0.6666666666666666,-0.06573859242072652,130000.0,833488.0,15.0,0.7325685009561754,0.26743149904382446,23673.266666666674,169.18395173245398,27305.6,2032.1016847448493,17.8,1.2649110640673518,9.4,0.6324555320336759,9.4,0.6324555320336759,6.133333333333333,0.3518657752744984,0.0,0.0,0.0,0.0,1.0,0.0
131000.0,12.125,2.008993243281212E-6,131000.0,0.8484336104457283,0.4153603251373864,0.877,0.44055307923223885,0.8607386363636363,0.10375275938189846,0.7759870105201403,0.6702127659574468,-0.23717751842751847,131000.0,845296.0,15.0,0.9610372439566035,0.03896275604339653,23852.2,175.47250496872732,28086.399999999998,1497.2010457612466,18.333333333333332,0.9759000729485333,9.666666666666666,0.48795003647426666,9.666666666666666,0.48795003647426666,6.133333333333333,0.3518657752744984,0.0,0.0,0.0,0.0,1.0,0.0
132000.0,12.234375,2.0331699569295676E-6,132000.0,0.8256043956043956,0.3733237548183366,0.884,0.41485068603712666,0.8484336104457283,0.0989010989010989,0.7333250082777538,0.5888888888888889,-0.16760713741040162,132000.0,854440.0,15.0,0.9918171431502179,0.0081828568497821,24017.2,175.32753023168647,28691.73333333333,1635.9192901269682,18.6,1.1212238211627763,9.8,0.5606119105813882,9.8,0.5606119105813882,6.133333333333333,0.3518657752744984,0.0,0.0,0.0,0.0,1.0,0.0
133000.0,12.328125,2.053899645236217E-6,133000.0,0.820914986188664,0.3804673797596711,0.878,0.4306674257767656,0.8256043956043956,0.10253583241455347,0.7627938084035405,0.6451612903225806,-0.2285908987658063,133000.0,854720.0,15.0,0.9280003743030931,0.07199962569690681,24183.6,176.56233217438327,28710.399999999994,1641.4716741823042,18.6,1.1212238211627763,9.8,0.5606119105813882,9.8,0.5606119105813882,6.133333333333333,0.3518657752744984,0.0,0.0,0.0,0.0,1.0,0.0
134000.0,12.421875,2.0746293335428664E-6,134000.0,0.8446621737637363,0.37199364573135413,0.89,0.47650955608010387,0.820914986188664,0.11607142857142858,0.7531983087525438,0.6153846153846154,-0.10735481932236472,134000.0,854720.0,15.0,0.862913678438804,0.137086321561196,24370.800000000003,185.4216045356395,28710.399999999994,1641.4716741823042,18.6,1.1212238211627763,9.8,0.5606119105813882,9.8,0.5606119105813882,6.133333333333333,0.3518657752744984,0.0,0.0,0.0,0.0,1.0,0.0
135000.0,12.5625,2.1057238660028405E-6,135000.0,0.8033546473913447,0.3962726821696708,0.898,0.5348031122583943,0.8446621737637363,0.122334455667789,0.7923687965874833,0.6788990825688074,-0.02608047690014902,135000.0,854720.0,15.0,0.8375955246490923,0.16240447535090757,24568.2,180.81885173525777,28710.399999999994,1641.4716741823042,18.6,1.1212238211627763,9.8,0.5606119105813882,9.8,0.5606119105813882,6.133333333333333,0.3518657752744984,0.0,0.0,0.0,0.0,1.0,0.0
136000.0,12.6875,2.1333634504117067E-6,136000.0,0.8328650519851573,0.37349386969294945,0.889,0.44624042145593895,0.8033546473913447,0.10253583241455347,0.7498147392438985,0.6129032258064516,-0.1171464515651598,136000.0,854720.0,15.0,0.8758606864574487,0.12413931354255128,24735.333333333336,181.52869378328697,28710.399999999994,1641.4716741823042,18.6,1.1212238211627763,9.8,0.5606119105813882,9.8,0.5606119105813882,6.133333333333333,0.3518657752744984,0.0,0.0,0.0,0.0,1.0,0.0
137000.0,12.78125,2.154093138718356E-6,137000.0,0.8140259093173892,0.39322718863708456,0.875,0.46632283625930754,0.8328650519851573,0.1210762331838565,0.7746931501124114,0.6666666666666666,-0.25724983481388997,137000.0,854720.0,15.0,0.958537914703305,0.04146208529669501,24939.4,178.32906981997357,28710.399999999994,1641.4716741823042,18.6,1.1212238211627763,9.8,0.5606119105813882,9.8,0.5606119105813882,6.133333333333333,0.3518657752744984,0.0,0.0,0.0,0.0,1.0,0.0
138000.0,12.890625,2.1782854714223902E-6,138000.0,0.7956405775774855,0.3598497820397423,0.878,0.38670661451997207,0.8140259093173892,0.09051254089422028,0.7375245080103524,0.6024096385542169,-0.22854640980735505,138000.0,854992.0,15.0,0.9169150889815558,0.08308491101844412,25090.466666666667,179.89356641663255,28728.0,1615.7765050543696,18.733333333333334,1.0327955589886446,9.866666666666667,0.5163977794943223,9.866666666666667,0.5163977794943223,6.133333333333333,0.3518657752744984,0.0,0.0,0.0,0.0,1.0,0.0
139000.0,12.984375,2.19907996425819E-6,139000.0,0.8306929347826087,0.34069161000002424,0.893,0.3941109852774632,0.7956405775774855,0.08695652173913043,0.7124284861135797,0.55,-0.07900464306442231,139000.0,857392.0,15.0,0.8739062526401842,0.12609374735981577,25234.666666666668,181.26723234994657,28886.933333333334,1508.573189032162,18.733333333333334,1.0327955589886446,9.866666666666667,0.5163977794943223,9.866666666666667,0.5163977794943223,6.133333333333333,0.3518657752744984,0.0,0.0,0.0,0.0,1.0,0.0
140000.0,13.0625,2.216414205678221E-6,140000.0,0.8034608268983269,0.37918741633335157,0.882,0.47982790238397505,0.8306929347826087,0.12612612612612611,0.7608939084373326,0.6339285714285714,-0.18883131836499747,140000.0,857664.0,15.0,0.9020571656717478,0.09794283432825211,25437.733333333337,179.68482989734562,28904.533333333336,1478.3232715607558,18.866666666666667,0.915475416434127,9.933333333333334,0.4577377082170635,9.933333333333334,0.4577377082170635,6.133333333333333,0.3518657752744984,0.0,0.0,0.0,0.0,1.0,0.0
141000.0,13.15625,2.237358680253641E-6,141000.0,0.828383152173913,0.34361812777745404,0.892,0.41355343179843584,0.8034608268983269,0.08695652173913043,0.7419129211765324,0.6,-0.0895821408128223,141000.0,863576.0,15.0,0.9288541489969657,0.0711458510030343,25589.06666666667,178.80255138266944,29296.0,1106.6799769710171,19.0,0.7559289460184542,10.0,0.3779644730092271,10.0,0.3779644730092271,6.133333333333333,0.3518657752744984,0.0,0.0,0.0,0.0,1.0,0.0
142000.0,13.25,2.2583031548290613E-6,142000.0,0.8283396291208791,0.3944349516011042,0.877,0.4575762921150114,0.828383152173913,0.11607142857142858,0.7683481371683736,0.6538461538461539,-0.24048295454545507,142000.0,863576.0,15.0,0.7706016115106612,0.22939838848933894,25775.533333333333,180.31078989450705,29296.0,1106.6799769710171,19.0,0.7559289460184542,10.0,0.3779644730092271,10.0,0.3779644730092271,6.133333333333333,0.3518657752744984,0.0,0.0,0.0,0.0,1.0,0.0
143000.0,13.34375,2.2792476294044815E-6,143000.0,0.8352712164184571,0.40611696210163983,0.893,0.5140428005667989,0.8283396291208791,0.11982082866741321,0.7865389036500542,0.6728971962616822,-0.07852259110453161,143000.0,863576.0,15.0,0.9449785327098981,0.055021467290101836,25969.999999999996,186.52039336988696,29296.0,1106.6799769710171,19.0,0.7559289460184542,10.0,0.3779644730092271,10.0,0.3779644730092271,6.133333333333333,0.3518657752744984,0.0,0.0,0.0,0.0,1.0,0.0
144000.0,13.4375,2.3003285039319755E-6,144000.0,0.8176749135408353,0.3558116946606661,0.878,0.43620315171680785,0.8352712164184571,0.11731843575418995,0.7337274328592651,0.5904761904761905,-0.2292191435768268,144000.0,869200.0,15.0,0.924610681102208,0.07538931889779205,26167.73333333333,189.25095458021832,29667.733333333334,982.4278575234401,19.266666666666666,0.7037315505489968,10.133333333333333,0.3518657752744984,10.133333333333333,0.3518657752744984,6.133333333333333,0.3518657752744984,0.0,0.0,0.0,0.0,1.0,0.0
145000.0,13.53125,2.3214877647761666E-6,145000.0,0.8400766824740188,0.348992140141797,0.883,0.4288894095595128,0.8176749135408353,0.10987791342952276,0.7265198066782808,0.5757575757575758,-0.17886178861788607,145000.0,872432.0,15.0,0.9890125329308275,0.010987467069172467,26346.733333333334,186.1894068901218,29881.600000000002,1212.307174652648,19.4,0.8280786712108252,10.2,0.4140393356054126,10.2,0.4140393356054126,6.2,0.4140393356054125,0.0,0.0,0.0,0.0,1.0,0.0
146000.0,13.609375,2.3391744859206177E-6,146000.0,0.8303746888510415,0.39661625156485253,0.896,0.5053648885168557,0.8400766824740188,0.11358574610244988,0.778711184446482,0.6568627450980392,-0.047678189470778225,146000.0,875104.0,15.0,0.9883465484056568,0.011653451594343042,26528.333333333332,181.65338527248122,30058.133333333335,1309.8186279387076,19.53333333333333,0.9154754164341266,10.266666666666666,0.4577377082170633,10.266666666666666,0.4577377082170633,6.2666666666666675,0.4577377082170636,0.0,0.0,0.0,0.0,1.0,0.0
147000.0,13.71875,2.363935895522849E-6,147000.0,0.8047352169662475,0.3584116633759512,0.875,0.4573899152660092,0.8303746888510415,0.13250283125707815,0.7385394140905873,0.5982905982905983,-0.2577002053388094,147000.0,875104.0,15.0,0.9559403242227493,0.04405967577725051,26742.8,183.0032005965237,30058.133333333335,1309.8186279387076,19.53333333333333,0.9154754164341266,10.266666666666666,0.4577377082170633,10.266666666666666,0.4577377082170633,6.2666666666666675,0.4577377082170636,0.0,0.0,0.0,0.0,1.0,0.0
148000.0,13.8125,2.3851667517899635E-6,148000.0,0.8094502620496504,0.3614898777412729,0.884,0.46715174232193213,0.8047352169662475,0.122334455667789,0.7455838952701236,0.6055045871559633,-0.16638358584142965,148000.0,875384.0,15.0,0.989686923993375,0.010313076006624934,26946.666666666668,186.3129727354586,30076.8,1340.256009659561,19.53333333333333,0.9154754164341266,10.266666666666666,0.4577377082170633,10.266666666666666,0.4577377082170633,6.2666666666666675,0.4577377082170636,0.0,0.0,0.0,0.0,1.0,0.0
149000.0,13.90625,2.4065291573707425E-6,149000.0,0.7872463768115942,0.37107420515724737,0.886,0.49358091599662374,0.8094502620496504,0.12994350282485875,0.7588534189303326,0.6260869565217392,-0.14507213158959126,149000.0,880808.0,15.0,0.8266276160554162,0.17337238394458376,27156.4,188.23951308297185,30435.2,1797.9182883069448,19.800000000000004,1.264911064067353,10.400000000000002,0.6324555320336765,10.400000000000002,0.6324555320336765,6.333333333333334,0.6172133998483678,0.0,0.0,0.0,0.0,1.0,0.0
150000.0,14.015625,2.4317066223981474E-6,150000.0,0.8009222222222222,0.37916826451826363,0.89,0.4731800766283528,0.7872463768115942,0.1111111111111111,0.7608547824650903,0.63,-0.10486139011651273,150000.0,889808.0,15.0,0.904451935563933,0.09554806443606698,27336.0,185.11810901614788,31029.333333333332,1759.29509693378,20.46666666666667,1.1872336794093277,10.733333333333334,0.5936168397046638,10.733333333333334,0.5936168397046638,6.6000000000000005,0.6324555320336759,0.0,0.0,0.0,0.0,1.0,0.0
151000.0,14.109375,2.453565345300982E-6,151000.0,0.8422229319706164,0.40808889917123287,0.879,0.4708763337414731,0.8009222222222222,0.11234705228031146,0.7897374771894549,0.693069306930693,-0.21523112736947153,151000.0,901272.0,15.0,0.9422561206231945,0.05774387937680547,27524.599999999995,179.7135816474971,31788.266666666666,1866.0414735349218,20.733333333333334,1.2798809468443688,10.866666666666667,0.6399404734221844,10.866666666666667,0.6399404734221844,6.733333333333333,0.5936168397046637,0.0,0.0,0.0,0.0,1.0,0.0
152000.0,14.203125,2.4754289188422257E-6,152000.0,0.7989783653846154,0.373590159568144,0.88,0.46140035906642757,0.8422229319706164,0.11607142857142858,0.7645607511312164,0.6442307692307693,-0.20483519387013674,152000.0,901472.0,15.0,0.8221840274994644,0.17781597250053555,27711.600000000002,181.85582986845054,31801.6,1868.558986415544,20.733333333333334,1.2798809468443688,10.866666666666667,0.6399404734221844,10.866666666666667,0.6399404734221844,6.733333333333333,0.5936168397046637,0.0,0.0,0.0,0.0,1.0,0.0
153000.0,14.3125,2.5010256083785653E-6,153000.0,0.7890741662518665,0.3541424657161526,0.883,0.43789995580068003,0.7989783653846154,0.10864745011086474,0.7416061199097882,0.6020408163265306,-0.17483756645008858,153000.0,904624.0,15.0,0.8705837631820852,0.12941623681791475,27897.266666666666,183.39125491950938,32008.0,2393.516958070577,21.400000000000002,1.7237832147426693,11.200000000000001,0.8618916073713346,11.200000000000001,0.8618916073713346,7.000000000000001,0.7559289460184545,0.0,0.0,0.0,0.0,1.0,0.0
154000.0,14.40625,2.5233513507474623E-6,154000.0,0.8279055936739391,0.39867168798298674,0.883,0.4736747399863244,0.7890741662518665,0.11234705228031146,0.7812548527366109,0.6732673267326733,-0.17472943017342568,154000.0,920528.0,15.0,0.9841742486828828,0.01582575131711718,28088.13333333333,187.10954265451255,33060.799999999996,2570.6026864197765,21.666666666666668,1.7994708216848747,11.333333333333334,0.8997354108424374,11.333333333333334,0.8997354108424374,7.066666666666666,0.7988086367179803,0.0,0.0,0.0,0.0,1.0,0.0
155000.0,14.5,2.545845313256399E-6,155000.0,0.856321441740413,0.40586024533000337,0.882,0.4607341327873645,0.8279055936739391,0.10619469026548672,0.782254148189629,0.6770833333333334,-0.18504600233251198,155000.0,927464.0,15.0,0.9652927247903712,0.03470727520962871,28260.6,187.87640314084877,33519.46666666666,2611.8034783505072,22.066666666666666,1.8309508328682538,11.533333333333333,0.9154754164341269,11.533333333333333,0.9154754164341269,7.266666666666667,0.7988086367179803,0.0,0.0,0.0,0.0,1.0,0.0
156000.0,14.59375,2.5684359004824522E-6,156000.0,0.8135485803834809,0.37829346892463217,0.888,0.4685293447726066,0.856321441740413,0.10619469026548672,0.7738867611133742,0.65625,-0.12504829362524134,156000.0,931448.0,15.0,0.9238274977426367,0.07617250225736323,28433.466666666667,192.2772799395504,33783.46666666667,2661.2812667871804,22.199999999999996,1.8205179796655986,11.599999999999998,0.9102589898327993,11.599999999999998,0.9102589898327993,7.333333333333334,0.816496580927726,0.0,0.0,0.0,0.0,1.0,0.0
157000.0,14.6875,2.5910982771569654E-6,157000.0,0.7686419659830545,0.33975413869754484,0.877,0.38295139864349664,0.8135485803834809,0.09529025191675794,0.7215106431914896,0.5747126436781609,-0.23653710699878389,157000.0,934408.0,15.0,0.886681703027923,0.1133182969720771,28597.666666666668,182.9487307833483,33979.2,2645.7423262938614,22.333333333333336,1.7994708216848752,11.666666666666668,0.8997354108424376,11.666666666666668,0.8997354108424376,7.4,0.828078671210825,0.0,0.0,0.0,0.0,1.0,0.0
158000.0,14.78125,2.613840980403539E-6,158000.0,0.745293961159883,0.35134925478077456,0.863,0.4119666924199504,0.7686419659830545,0.11731843575418995,0.7429369470302105,0.6190476190476191,-0.37679684518509043,158000.0,937720.0,15.0,0.7696505781321057,0.2303494218678942,28786.93333333333,180.85608590678865,34197.86666666666,2624.462444732163,22.599999999999998,1.8822478962286406,11.799999999999999,0.9411239481143203,11.799999999999999,0.9411239481143203,7.533333333333333,0.7432233529572065,0.0,0.0,0.0,0.0,1.0,0.0
159000.0,14.875,2.63652702819349E-6,159000.0,0.8111937025050089,0.36676491968139247,0.887,0.43626277139208197,0.745293961159883,0.10253583241455347,0.742761539305474,0.6021505376344086,-0.13607334808725927,159000.0,935384.0,15.0,0.9473237594635966,0.05267624053640328,28965.733333333334,182.90062355071015,34042.13333333333,2795.5253497245167,22.866666666666667,1.7674302033770743,11.933333333333334,0.8837151016885372,11.933333333333334,0.8837151016885372,7.6,0.7367883976130073,0.0,0.0,0.0,0.0,1.0,0.0
160000.0,14.96875,2.6595844408600694E-6,160000.0,0.8652201457079506,0.4003448641338421,0.89,0.4815429282455411,0.8111937025050089,0.10864745011086474,0.7788742498396102,0.6632653061224489,-0.10601395085778884,160000.0,950696.0,15.0,0.9840999254770589,0.015900074522941034,29149.066666666666,183.03296606531447,35056.0,2177.524675930382,23.0,1.51185789203691,12.0,0.755928946018455,12.0,0.755928946018455,7.666666666666667,0.6172133998483676,0.0,0.0,0.0,0.0,1.0,0.0
161000.0,15.078125,2.6866789751996598E-6,161000.0,0.7986982235487174,0.3806194922538203,0.883,0.4736747399863244,0.8652201457079506,0.11234705228031146,0.7812548527366109,0.6732673267326733,-0.1762832521543647,161000.0,957560.0,15.0,0.9991425837582171,8.574162417827866E-4,29327.26666666667,184.8112808348272,35510.4,2137.5258327595216,23.266666666666666,1.486446705914413,12.133333333333333,0.7432233529572065,12.133333333333333,0.7432233529572065,7.8,0.4140393356054127,0.0,0.0,0.0,0.0,1.0,0.0
162000.0,15.15625,2.7060417536025248E-6,162000.0,0.7947444444444445,0.3869049720762462,0.889,0.4744318181818181,0.7986982235487174,0.1111111111111111,0.7659416862050705,0.64,-0.11592404120640365,162000.0,958032.0,15.0,0.9401745441008573,0.05982545589914253,29510.13333333333,184.9091926427932,35541.33333333333,2125.9316837117617,23.400000000000002,1.3522468075656269,12.200000000000001,0.6761234037828134,12.200000000000001,0.6761234037828134,7.866666666666667,0.35186577527449847,0.0,0.0,0.0,0.0,1.0,0.0
163000.0,15.25,2.7293506233642502E-6,163000.0,0.8345129281217769,0.40151764733466466,0.87,0.42396823849487314,0.7947444444444445,0.10253583241455347,0.7763578064337519,0.6774193548387096,-0.30745973961868306,163000.0,961064.0,15.0,0.9003914504780145,0.09960854952198553,29675.466666666667,186.00110086719758,35741.86666666667,1952.2305874733827,23.533333333333335,1.1872336794093277,12.266666666666667,0.5936168397046638,12.266666666666667,0.5936168397046638,7.933333333333334,0.2581988897471611,0.0,0.0,0.0,0.0,1.0,0.0
164000.0,15.359375,2.7566276063832146E-6,164000.0,0.7351679154046442,0.3469967037218875,0.881,0.3840197113692363,0.8345129281217769,0.08932461873638345,0.728810888813495,0.5853658536585366,-0.19810915341641655,164000.0,964008.0,15.0,0.922955247244231,0.07704475275576904,29825.466666666667,189.6323008451089,35936.53333333333,1736.372485823192,23.666666666666668,1.2344267996967355,12.333333333333334,0.6172133998483678,12.333333333333334,0.6172133998483678,8.0,0.0,0.0,0.0,0.0,0.0,1.0,0.0
165000.0,15.453125,2.780137680626164E-6,165000.0,0.825524869663238,0.3769943530791332,0.885,0.44408995107991556,0.7351679154046442,0.10375275938189846,0.7564635453783319,0.6276595744680851,-0.158212781541842,165000.0,969360.0,15.0,0.8982625902438766,0.10173740975612343,30000.133333333335,191.82501947149146,36290.66666666666,1820.5623411724291,23.8,1.2649110640673518,12.4,0.6324555320336759,12.4,0.6324555320336759,8.066666666666666,0.25819888974716104,0.0,0.0,0.0,0.0,1.0,0.0
166000.0,15.5625,2.8076419322234063E-6,166000.0,0.8018216840413895,0.3596133657962057,0.862,0.4294172613682411,0.825524869663238,0.13250283125707815,0.7372998294552737,0.6068376068376068,-0.3883636363636363,166000.0,972040.0,15.0,0.9831878422062611,0.016812157793738892,30215.600000000002,198.33298119216417,36467.73333333333,2086.716335937078,23.933333333333334,1.486446705914413,12.466666666666667,0.7432233529572065,12.466666666666667,0.7432233529572065,8.066666666666666,0.25819888974716104,0.0,0.0,0.0,0.0,1.0,0.0
167000.0,15.65625,2.831346614079343E-6,167000.0,0.7826495726495727,0.344114625801094,0.883,0.40735487792523567,0.8018216840413895,0.0989010989010989,0.7263739034540321,0.5777777777777777,-0.1777576853526226,167000.0,977384.0,15.0,0.9889989920819814,0.011001007918018559,30375.8,198.36481542854338,36820.799999999996,2289.1002349644455,24.200000000000003,1.6561573424216505,12.600000000000001,0.8280786712108252,12.600000000000001,0.8280786712108252,8.066666666666666,0.25819888974716104,0.0,0.0,0.0,0.0,1.0,0.0
168000.0,15.765625,2.8590256180096833E-6,168000.0,0.8457222222222223,0.3782848806016516,0.883,0.45429104477611953,0.7826495726495727,0.1111111111111111,0.7576278769950324,0.63,-0.17771120431396037,168000.0,978216.0,15.0,0.8892791677629301,0.11072083223706976,30562.133333333335,195.0742959807391,36875.73333333334,2362.0734071896213,24.333333333333336,1.799470821684875,12.666666666666668,0.8997354108424375,12.666666666666668,0.8997354108424375,8.066666666666666,0.25819888974716104,0.0,0.0,0.0,0.0,1.0,0.0
169000.0,15.875,2.88678837629656E-6,169000.0,0.7903555555555556,0.3671957920489535,0.883,0.44179389312977074,0.8457222222222223,0.1111111111111111,0.74072037009027,0.6,-0.17766527695056575,169000.0,981176.0,15.0,0.9708761131968237,0.029123886803176194,30745.0,200.6621182841592,37072.0,2600.6750771949305,24.333333333333336,1.799470821684875,12.666666666666668,0.8997354108424375,12.666666666666668,0.8997354108424375,8.066666666666666,0.25819888974716104,0.0,0.0,0.0,0.0,1.0,0.0
170000.0,15.96875,2.910663412573437E-6,170000.0,0.7835927445302445,0.38003363295266535,0.885,0.4842309210290265,0.7903555555555556,0.12612612612612611,0.757377379841447,0.625,-0.1566678499585849,170000.0,984408.0,15.0,0.9529399142854786,0.04706008571452123,30956.733333333334,195.64270154203726,37285.86666666667,2334.708971360752,24.466666666666672,1.5976172734359608,12.733333333333336,0.7988086367179804,12.733333333333336,0.7988086367179804,8.133333333333333,0.35186577527449836,0.0,0.0,0.0,0.0,1.0,0.0
171000.0,16.0625,2.9345384488503137E-6,171000.0,0.7785216150691902,0.329332945566945,0.858,0.3822702872008141,0.7835927445302445,0.1273957158962796,0.696454977419809,0.5398230088495575,-0.42709374081692614,171000.0,984408.0,15.0,0.8943864238130407,0.10561357618695931,31163.26666666667,195.5609027046721,37285.86666666667,2334.708971360752,24.466666666666672,1.5976172734359608,12.733333333333336,0.7988086367179804,12.733333333333336,0.7988086367179804,8.133333333333333,0.35186577527449836,0.0,0.0,0.0,0.0,1.0,0.0
172000.0,16.15625,2.9584134851271905E-6,172000.0,0.8614354395604396,0.4040970472674668,0.88,0.48693391708852124,0.7785216150691902,0.11607142857142858,0.8000418515838496,0.7115384615384616,-0.20567790174659667,172000.0,984408.0,15.0,0.8036916677187036,0.19630833228129632,31355.13333333333,196.9455568956873,37285.86666666667,2334.708971360752,24.466666666666672,1.5976172734359608,12.733333333333336,0.7988086367179804,12.733333333333336,0.7988086367179804,8.133333333333333,0.35186577527449836,0.0,0.0,0.0,0.0,1.0,0.0
173000.0,16.265625,2.9862733531950246E-6,173000.0,0.827909568351294,0.41819758306960825,0.888,0.4812749520642477,0.8614354395604396,0.10253583241455347,0.8019785612407803,0.7096774193548387,-0.12572623750871462,173000.0,984608.0,15.0,0.9769542933174158,0.02304570668258422,31529.066666666666,200.7032160987494,37299.2,2338.9116883102456,24.466666666666672,1.5976172734359608,12.733333333333336,0.7988086367179804,12.733333333333336,0.7988086367179804,8.133333333333333,0.35186577527449836,0.0,0.0,0.0,0.0,1.0,0.0
174000.0,16.375,3.0141332212628587E-6,174000.0,0.7695377750871647,0.3221604680946503,0.883,0.4056206945601591,0.827909568351294,0.10987791342952276,0.6960207560697921,0.5252525252525253,-0.17601525041880897,174000.0,984608.0,15.0,0.9245264156520107,0.07547358434798931,31709.533333333333,197.57344625902232,37299.2,2338.9116883102456,24.466666666666672,1.5976172734359608,12.733333333333336,0.7988086367179804,12.733333333333336,0.7988086367179804,8.133333333333333,0.35186577527449836,0.0,0.0,0.0,0.0,1.0,0.0
175000.0,16.453125,3.0339844589535556E-6,175000.0,0.7823464912280702,0.3908966181108175,0.887,0.4465775966775067,0.7695377750871647,0.09649122807017543,0.7740205778042556,0.6590909090909091,-0.13655957238921762,175000.0,982200.0,15.0,0.886594629357787,0.11340537064221283,31870.399999999998,199.23991281152175,37139.2,2567.2340646807297,24.6,1.5491933384829668,12.8,0.7745966692414834,12.8,0.7745966692414834,8.133333333333333,0.35186577527449836,0.0,0.0,0.0,0.0,1.0,0.0
176000.0,16.5625,3.0620034602988094E-6,176000.0,0.7796006439017708,0.34123838989990357,0.887,0.4354742016705968,0.7823464912280702,0.10741971207087486,0.7288946844644416,0.5773195876288659,-0.1367169638774578,176000.0,990232.0,15.0,0.6648781443660834,0.33512185563391667,32050.666666666668,201.63852617517034,37670.93333333334,2415.1386670235693,24.733333333333338,1.667618775665584,12.866666666666669,0.833809387832792,12.866666666666669,0.833809387832792,8.133333333333333,0.35186577527449836,0.0,0.0,0.0,0.0,1.0,0.0
177000.0,16.65625,3.086026538059943E-6,177000.0,0.825561098446189,0.36754730891282505,0.893,0.5160735929952783,0.7796006439017708,0.13507377979568672,0.7556260494071148,0.6134453781512605,-0.07516321317059334,177000.0,990512.0,15.0,0.9531382261819068,0.046861773818093144,32265.86666666666,205.5525190680917,37689.6,2441.3938875744147,24.733333333333338,1.667618775665584,12.866666666666669,0.833809387832792,12.866666666666669,0.833809387832792,8.133333333333333,0.35186577527449836,0.0,0.0,0.0,0.0,1.0,0.0
178000.0,16.75,3.1100496158210764E-6,178000.0,0.8087444444444445,0.3862202927910283,0.887,0.47294776119403,0.825561098446189,0.1111111111111111,0.7704976746666188,0.65,-0.13542195879198454,178000.0,990512.0,15.0,0.8099204842044779,0.19007951579552204,32447.933333333334,205.67813505109186,37689.6,2441.3938875744147,24.733333333333338,1.667618775665584,12.866666666666669,0.833809387832792,12.866666666666669,0.833809387832792,8.133333333333333,0.35186577527449836,0.0,0.0,0.0,0.0,1.0,0.0
179000.0,16.84375,3.13407269358221E-6,179000.0,0.8077675796171678,0.34765782984765514,0.879,0.4384316928731877,0.8087444444444445,0.11982082866741321,0.7280970219786629,0.5794392523364486,-0.21529570194142086,179000.0,990512.0,15.0,0.7980326671164615,0.2019673328835385,32648.8,203.5636790504915,37689.6,2441.3938875744147,24.733333333333338,1.667618775665584,12.866666666666669,0.833809387832792,12.866666666666669,0.833809387832792,8.133333333333333,0.35186577527449836,0.0,0.0,0.0,0.0,1.0,0.0
180000.0,16.953125,3.162099617636866E-6,180000.0,0.7841062308478038,0.36902836674911865,0.88,0.46023749550197934,0.8077675796171678,0.12359550561797752,0.745918413687064,0.6090909090909091,-0.20455052420254355,180000.0,990512.0,15.0,0.9094454298758741,0.09055457012412586,32849.06666666667,210.96528714684874,37689.6,2441.3938875744147,24.733333333333338,1.667618775665584,12.866666666666669,0.833809387832792,12.866666666666669,0.833809387832792,8.133333333333333,0.35186577527449836,0.0,0.0,0.0,0.0,1.0,0.0
181000.0,17.046875,3.1861226953979993E-6,181000.0,0.8344665772840452,0.39441829092681374,0.885,0.46157015506779536,0.7841062308478038,0.1013215859030837,0.7873527443245519,0.6847826086956522,-0.15484909010208583,181000.0,990512.0,15.0,0.9806911712439456,0.019308828756054476,33021.8,216.16633806928783,37689.6,2441.3938875744147,24.733333333333338,1.667618775665584,12.866666666666669,0.833809387832792,12.866666666666669,0.833809387832792,8.133333333333333,0.35186577527449836,0.0,0.0,0.0,0.0,1.0,0.0
182000.0,17.15625,3.2142173020272617E-6,182000.0,0.7477363120927477,0.333430358236718,0.875,0.38194691665677777,0.8344665772840452,0.1001100110011001,0.7127644918937167,0.5604395604395604,-0.2558653049958603,182000.0,992904.0,15.0,0.833650765657441,0.16634923434255902,33187.26666666667,220.24709067858558,37847.46666666667,2730.7141364921545,24.86666666666667,1.9223002094465098,12.933333333333335,0.9611501047232549,12.933333333333335,0.9611501047232549,8.133333333333333,0.35186577527449836,0.0,0.0,0.0,0.0,1.0,0.0
183000.0,17.265625,3.2424631192245417E-6,183000.0,0.7949364601074282,0.3451585412035783,0.874,0.40967016491754144,0.7477363120927477,0.11358574610244988,0.7188211086157228,0.5686274509803921,-0.26574079156831476,183000.0,998248.0,15.0,0.6620266501856342,0.33797334981436566,33376.53333333333,222.6771739750705,38200.53333333333,2740.5050073368043,25.133333333333333,1.9223002094465098,13.066666666666666,0.9611501047232549,13.066666666666666,0.9611501047232549,8.133333333333333,0.35186577527449836,0.0,0.0,0.0,0.0,1.0,0.0
184000.0,17.375,3.270724781840626E-6,184000.0,0.8582378598429776,0.3755575367804961,0.874,0.41582827205711886,0.7949364601074282,0.10497237569060773,0.7478572667440793,0.6210526315789474,-0.2660550458715591,184000.0,998808.0,15.0,0.9511491360915855,0.048850863908414456,33553.066666666666,224.96268473640203,38237.86666666666,2797.890579568489,25.133333333333333,1.9223002094465098,13.066666666666666,0.9611501047232549,13.066666666666666,0.9611501047232549,8.133333333333333,0.35186577527449836,0.0,0.0,0.0,0.0,1.0,0.0
185000.0,17.484375,3.2990022898755143E-6,185000.0,0.7539683518543643,0.3463501748199479,0.88,0.39493561106461084,0.8582378598429776,0.09769484083424808,0.7221179848167859,0.5730337078651685,-0.20645617086027968,185000.0,999368.0,15.0,0.9074754930443076,0.09252450695569234,33709.26666666667,223.36564087569562,38275.2,2814.24750662969,25.133333333333333,1.9223002094465098,13.066666666666666,0.9611501047232549,13.066666666666666,0.9611501047232549,8.133333333333333,0.35186577527449836,0.0,0.0,0.0,0.0,1.0,0.0
186000.0,17.578125,3.3233001077961594E-6,186000.0,0.8521313225397955,0.42176264879991526,0.892,0.5146983490756802,0.7539683518543643,0.11982082866741321,0.7910169007229447,0.6822429906542056,-0.0853684893019228,186000.0,1001840.0,15.0,0.9164794055306388,0.08352059446936119,33901.99999999999,217.48760227391813,38438.4,2688.3591596787383,25.26666666666667,1.8309508328682538,13.133333333333335,0.9154754164341269,13.133333333333335,0.9154754164341269,8.133333333333333,0.35186577527449836,0.0,0.0,0.0,0.0,1.0,0.0
187000.0,17.6875,3.3516611438244585E-6,187000.0,0.8060177300318792,0.3724656555789243,0.898,0.4917889030612246,0.8521313225397955,0.11358574610244988,0.7522474587109486,0.6078431372549019,-0.02493283181085447,187000.0,1002320.0,15.0,0.998090025922571,0.0019099740774289773,34096.79999999999,218.8989329739733,38470.399999999994,2680.5120193191233,25.26666666666667,1.8309508328682538,13.133333333333335,0.9154754164341269,13.133333333333335,0.9154754164341269,8.133333333333333,0.35186577527449836,0.0,0.0,0.0,0.0,1.0,0.0
188000.0,17.796875,3.3800221798527575E-6,188000.0,0.762434831618994,0.35976633784107304,0.882,0.42279095249276033,0.8060177300318792,0.10375275938189846,0.7369805248586612,0.5957446808510638,-0.1860564585115486,188000.0,1002320.0,15.0,0.7866319037247314,0.21336809627526857,34272.73333333334,220.80517160955142,38470.399999999994,2680.5120193191233,25.26666666666667,1.8309508328682538,13.133333333333335,0.9154754164341269,13.133333333333335,0.9154754164341269,8.133333333333333,0.35186577527449836,0.0,0.0,0.0,0.0,1.0,0.0
189000.0,17.890625,3.404331639305585E-6,189000.0,0.8508054667054377,0.38963080895934865,0.894,0.4853619459144536,0.762434831618994,0.10497237569060773,0.7803414825003513,0.6631578947368421,-0.06569498377573244,189000.0,1002320.0,15.0,0.8330679758693387,0.16693202413066124,34443.066666666666,225.12931733519233,38470.399999999994,2680.5120193191233,25.26666666666667,1.8309508328682538,13.133333333333335,0.9154754164341269,13.133333333333335,0.9154754164341269,8.133333333333333,0.35186577527449836,0.0,0.0,0.0,0.0,1.0,0.0
190000.0,18.0,3.4326926753338843E-6,190000.0,0.8203260869565218,0.39061188099638855,0.892,0.4391358537598673,0.8508054667054377,0.08695652173913043,0.7772845011012209,0.6625,-0.08692197679961872,190000.0,1002320.0,15.0,0.9812799186118827,0.018720081388117343,34590.06666666666,226.47184204244098,38470.399999999994,2680.5120193191233,25.26666666666667,1.8309508328682538,13.133333333333335,0.9154754164341269,13.133333333333335,0.9154754164341269,8.133333333333333,0.35186577527449836,0.0,0.0,0.0,0.0,1.0,0.0
191000.0,18.109375,3.461296146269888E-6,191000.0,0.8359457302474063,0.36004633467907166,0.891,0.471181835823792,0.8203260869565218,0.11731843575418995,0.7395489807076038,0.5904761904761905,-0.09666034555415035,191000.0,1010888.0,15.0,0.8890957758125021,0.11090422418749782,34776.933333333334,231.9748960145312,39036.26666666666,2402.6002421979233,25.8,1.65615734242165,13.4,0.828078671210825,13.4,0.828078671210825,8.133333333333333,0.35186577527449836,0.0,0.0,0.0,0.0,1.0,0.0
192000.0,18.203125,3.485885196520637E-6,192000.0,0.8341723268202321,0.37345767384630496,0.9,0.51278928136419,0.8359457302474063,0.11982082866741321,0.7589923084163799,0.616822429906542,-0.00570949662144438,192000.0,1013848.0,15.0,0.8163733429762227,0.18362665702377742,34975.066666666666,232.0826412745095,39232.533333333326,2435.32942525725,25.8,1.65615734242165,13.4,0.828078671210825,13.4,0.828078671210825,8.133333333333333,0.35186577527449836,0.0,0.0,0.0,0.0,1.0,0.0
193000.0,18.3125,3.514640104387784E-6,193000.0,0.8449220077803377,0.39756994513739446,0.899,0.46680462876932166,0.8341723268202321,0.09529025191675794,0.7644649055939589,0.632183908045977,-0.01642507039315898,193000.0,1016240.0,15.0,0.9849647869109206,0.015035213089079446,35130.0,230.69955724770455,39390.399999999994,2432.0304509371826,25.933333333333334,1.6676187756655838,13.466666666666667,0.8338093878327919,13.466666666666667,0.8338093878327919,8.133333333333333,0.35186577527449836,0.0,0.0,0.0,0.0,1.0,0.0
194000.0,18.40625,3.5392939591676832E-6,194000.0,0.8044566544566545,0.36875665913966404,0.899,0.4568140260299019,0.8449220077803377,0.0989010989010989,0.7399138649008596,0.5888888888888889,-0.01691924434295217,194000.0,1016520.0,15.0,0.9927833797516357,0.007216620248364337,35301.4,229.6067445500177,39409.06666666666,2441.782705515047,25.933333333333334,1.6676187756655838,13.466666666666667,0.8338093878327919,13.466666666666667,0.8338093878327919,8.133333333333333,0.35186577527449836,0.0,0.0,0.0,0.0,1.0,0.0
195000.0,18.515625,3.5680647124536345E-6,195000.0,0.8044361467286647,0.3570505339364875,0.88,0.41300774829772235,0.8044566544566545,0.10375275938189846,0.7299284536270665,0.5851063829787234,-0.2085528354508833,195000.0,1016800.0,15.0,0.8594514583225625,0.1405485416774376,35469.066666666666,225.37285508579785,39427.73333333334,2429.643344392831,25.933333333333334,1.6676187756655838,13.466666666666667,0.8338093878327919,13.466666666666667,0.8338093878327919,8.133333333333333,0.35186577527449836,0.0,0.0,0.0,0.0,1.0,0.0
196000.0,18.609375,3.59273214902108E-6,196000.0,0.7821110788019773,0.39785791307367,0.898,0.4928148774302619,0.8044361467286647,0.10497237569060773,0.7764489218079935,0.6526315789473685,-0.027496530811533325,196000.0,1017080.0,15.0,0.9449244597721441,0.055075540227855865,35643.4,226.5794720244024,39446.4,2441.3938875744147,25.933333333333334,1.6676187756655838,13.466666666666667,0.8338093878327919,13.466666666666667,0.8338093878327919,8.133333333333333,0.35186577527449836,0.0,0.0,0.0,0.0,1.0,0.0
197000.0,18.703125,3.617464390117676E-6,197000.0,0.8144960508241759,0.3787965386339847,0.88,0.45363152910322735,0.7821110788019773,0.11607142857142858,0.7539886497345775,0.625,-0.20852717141250385,197000.0,1019752.0,15.0,0.963373615695315,0.03662638430468494,35823.200000000004,225.98173124645243,39622.933333333334,2431.2496336148583,26.06666666666667,1.6676187756655834,13.533333333333335,0.8338093878327917,13.533333333333335,0.8338093878327917,8.133333333333333,0.35186577527449836,0.0,0.0,0.0,0.0,1.0,0.0
198000.0,18.8125,3.646469881965055E-6,198000.0,0.8221563236853757,0.3686648566548367,0.884,0.4783938126714333,0.8144960508241759,0.122334455667789,0.7609414624707598,0.6330275229357798,-0.1676664972038643,198000.0,1025096.0,15.0,0.9070230891930344,0.09297691080696546,36020.46666666666,223.1318849811434,39975.99999999999,2592.1798879376747,26.333333333333332,1.7994708216848745,13.666666666666666,0.8997354108424372,13.666666666666666,0.8997354108424372,8.133333333333333,0.35186577527449836,0.0,0.0,0.0,0.0,1.0,0.0
199000.0,18.921875,3.6754909928681128E-6,199000.0,0.8544259574653915,0.3921681331529814,0.887,0.46859539888263946,0.8221563236853757,0.11358574610244988,0.7583184985752711,0.6274509803921569,-0.13731539550879995,199000.0,1025648.0,15.0,0.8521156241267387,0.1478843758732613,36208.80000000001,225.21266140504238,40012.26666666667,2629.5792022588657,26.466666666666665,1.9223002094465098,13.733333333333333,0.9611501047232549,13.733333333333333,0.9611501047232549,8.2,0.4140393356054125,0.0,0.0,0.0,0.0,1.0,0.0
200000.0,19.015625,3.700485944540965E-6,200000.0,0.7916969868893302,0.3467564965438443,0.883,0.40263453487184736,0.8544259574653915,0.09769484083424808,0.7234234115855659,0.5730337078651685,-0.17818840944564746,200000.0,1030584.0,15.0,0.8680164760368809,0.13198352396311883,36373.666666666664,219.8241721619044,40337.6,2544.562740994441,26.866666666666667,1.9223002094465094,13.933333333333334,0.9611501047232547,13.933333333333334,0.9611501047232547,8.2,0.4140393356054125,0.0,0.0,0.0,0.0,1.0,0.0
