learning evaluation instances,evaluation time (cpu seconds),model cost (RAM-Hours),classified instances,AUC,sAUC,Accuracy,Kappa,Periodical holdout AUC,Pos/Neg ratio,G-Mean,Recall,KappaM,model training instances,model serialized size (bytes),ensemble size,size of class 0,size of class 1,[avg] model training instances,[err] model training instances,[avg] model serialized size (bytes),[err] model serialized size (bytes),[avg] tree size (nodes),[err] tree size (nodes),[avg] tree size (leaves),[err] tree size (leaves),[avg] active learning leaves,[err] active learning leaves,[avg] tree depth,[err] tree depth,[avg] active leaf byte size estimate,[err] active leaf byte size estimate,[avg] inactive leaf byte size estimate,[err] inactive leaf byte size estimate,[avg] byte size estimate overhead,[err] byte size estimate overhead
1000.0,0.140625,1.6918638721108438E-8,1000.0,0.9746572496884088,0.8549614729007361,0.988,0.9228583550829914,0.0,0.09529025191675794,0.9508247374694468,0.9080459770114943,0.8620689655172412,1000.0,465056.0,15.0,0.9578098719966193,0.04219012800338072,1438.3333333333333,35.95168715823792,2944.0,0.0,1.0,0.0,1.0,0.0,1.0,0.0,0.0,0.0,0.0,0.0,0.0,0.0,1.0,0.0
2000.0,0.234375,2.8197731201847398E-8,2000.0,0.9998666666666667,0.9752423557681811,0.997,0.9834070796460177,0.9746572496884088,0.1111111111111111,0.9938812806366765,0.99,0.9679144385026738,2000.0,465056.0,15.0,0.9323157277105515,0.06768427228944841,2808.0,48.09811401113952,2944.0,0.0,1.0,0.0,1.0,0.0,1.0,0.0,0.0,0.0,0.0,0.0,0.0,0.0,1.0,0.0
3000.0,0.328125,4.0938029997050766E-8,3000.0,0.9896285753158,0.906426770035828,0.995,0.9739431334945384,0.9998666666666667,0.11982082866741321,0.9889447620672643,0.9813084112149533,0.9489795918367346,3000.0,525304.0,15.0,0.9561668913882465,0.0438331086117533,4200.8,63.56571402886946,6926.400000000001,1340.090231503621,3.933333333333333,1.0327955589886444,2.4666666666666672,0.5163977794943222,2.4666666666666672,0.5163977794943222,1.4666666666666666,0.5163977794943222,0.0,0.0,0.0,0.0,1.0,0.0
4000.0,0.421875,5.474682742108902E-8,4000.0,0.994247834635209,0.9192808306885664,0.993,0.9527167598821972,0.9896285753158,0.08932461873638345,0.9679765417984721,0.9390243902439024,0.925531914893617,4000.0,569360.0,15.0,0.7743336990809253,0.22566630091907483,5582.400000000001,59.993809204426825,9838.933333333332,1363.0113439768297,6.066666666666666,1.2798809468443688,3.533333333333333,0.6399404734221844,3.533333333333333,0.6399404734221844,2.066666666666667,0.2581988897471612,0.0,0.0,0.0,0.0,1.0,0.0
5000.0,0.484375,6.470745170695914E-8,5000.0,0.9987647400763993,0.9172766179324576,0.997,0.9842370744010088,0.994247834635209,0.1210762331838565,0.9860132971832694,0.9722222222222222,0.9690082644628099,5000.0,616040.0,15.0,0.9858399176026238,0.014160082397376284,6970.666666666666,63.220325242832466,12924.800000000001,2327.06078255689,8.066666666666668,1.6676187756655838,4.533333333333334,0.8338093878327919,4.533333333333334,0.8338093878327919,2.533333333333333,0.833809387832792,0.0,0.0,0.0,0.0,1.0,0.0
6000.0,0.578125,8.009581102265253E-8,6000.0,0.9999695983947953,0.9534018198755432,0.996,0.9795711994770226,0.9987647400763993,0.12485939257592801,0.9858389904977394,0.972972972972973,0.9596638655462184,6000.0,634488.0,15.0,0.9634243514968149,0.036575648503185045,8358.666666666668,78.27850157944914,14144.533333333333,3069.596480383204,9.0,2.267786838055363,5.0,1.1338934190276815,5.0,1.1338934190276815,3.0,1.133893419027682,0.0,0.0,0.0,0.0,1.0,0.0
7000.0,0.65625,9.314904067044457E-8,7000.0,0.9999875398724083,0.9638478998079116,0.998,0.9875398724082934,0.9999695983947953,0.09649122807017543,0.9937566767251856,0.9886363636363636,0.979502196193265,7000.0,645848.0,15.0,0.9726036422205634,0.027396357779436564,9725.000000000002,78.3672672193472,14896.0,3588.232195066853,9.4,2.5298221281347035,5.2,1.2649110640673518,5.2,1.2649110640673518,3.133333333333333,1.1872336794093272,0.0,0.0,0.0,0.0,1.0,0.0
8000.0,0.71875,1.03714636578742E-7,8000.0,0.9999501594896332,0.9627108199921641,0.997,0.9814052660286606,0.9999875398724083,0.09649122807017543,0.9932111061780404,0.9886363636363636,0.9688715953307393,8000.0,653456.0,15.0,0.9100742823760632,0.08992571762393678,11121.133333333333,92.9614871612868,15398.933333333332,3728.0672791803577,9.933333333333334,2.2509257354845507,5.466666666666667,1.1254628677422753,5.466666666666667,1.1254628677422753,3.4,1.0555973258234952,0.0,0.0,0.0,0.0,1.0,0.0
9000.0,0.796875,1.18140435208463E-7,9000.0,0.9990256416581359,0.9535799027560624,0.998,0.9877901368725657,0.9999501594896332,0.09769484083424808,0.9989017020299502,1.0,0.9790697674418605,9000.0,713760.0,15.0,0.8506042990441839,0.14939570095581609,12518.666666666668,92.72129256669196,19380.266666666666,1745.118557849977,13.266666666666666,1.486446705914413,7.133333333333333,0.7432233529572065,7.133333333333333,0.7432233529572065,4.133333333333333,0.6399404734221844,0.0,0.0,0.0,0.0,1.0,0.0
10000.0,0.875,1.3283786958911352E-7,10000.0,0.99874446645236,0.9581202289435683,0.997,0.9839712765275374,0.9990256416581359,0.11482720178372352,0.9983263586596564,1.0,0.9688473520249221,10000.0,727200.0,15.0,0.8922484525107617,0.10775154748923836,13933.399999999998,103.73234789591928,20269.333333333336,2402.5846400035425,13.666666666666668,1.951800145897066,7.333333333333334,0.975900072948533,7.333333333333334,0.975900072948533,4.333333333333334,0.7237468644557459,0.0,0.0,0.0,0.0,1.0,0.0
11000.0,0.9375,1.446425125727223E-7,11000.0,0.9989382470801794,0.9621527049482512,0.994,0.9666699996667,0.99874446645236,0.10741971207087486,0.9966722037498461,1.0,0.9377358490566037,11000.0,730088.0,15.0,0.9488734923195651,0.05112650768043488,15320.133333333333,102.95273996677645,20460.800000000003,2914.836608995924,13.666666666666668,1.951800145897066,7.333333333333334,0.975900072948533,7.333333333333334,0.975900072948533,4.333333333333334,0.7237468644557459,0.0,0.0,0.0,0.0,1.0,0.0
12000.0,1.015625,1.5967658125898903E-7,12000.0,0.999917805645578,0.9669887755232055,0.997,0.982470491994858,0.9989382470801794,0.10375275938189846,0.9935681560467602,0.9893617021276596,0.9688041594454072,12000.0,743856.0,15.0,0.9348757762870881,0.06512422371291196,16713.266666666666,89.2031923409106,21370.13333333333,2755.9066402046005,14.466666666666667,2.065591117977289,7.733333333333333,1.0327955589886444,7.733333333333333,1.0327955589886444,4.6,0.7367883976130072,0.0,0.0,0.0,0.0,1.0,0.0
13000.0,1.09375,1.7520121117639872E-7,13000.0,0.9997597909220185,0.9611487893253599,0.994,0.9713849675696299,0.999917805645578,0.13378684807256236,0.9892383772227455,0.9830508474576272,0.9386792452830188,13000.0,768128.0,15.0,0.8678599649578056,0.13214003504219424,18123.533333333333,81.09594552721119,22973.86666666666,4520.4616367716035,15.666666666666664,3.2659863237109032,8.333333333333332,1.6329931618554514,8.333333333333332,1.6329931618554514,5.066666666666667,1.2227992865708155,0.0,0.0,0.0,0.0,1.0,0.0
14000.0,1.1875,1.9414528247175946E-7,14000.0,0.9996887569431143,0.9881603633978306,0.999,0.9940436481463832,0.9997597909220185,0.1013215859030837,0.9994491875098488,1.0,0.9897360703812317,14000.0,781096.0,15.0,0.9877632101959053,0.012236789804094707,19499.266666666663,87.97683677834677,23830.4,5082.00473379214,16.333333333333336,3.5186577527449843,8.666666666666668,1.759328876372492,8.666666666666668,1.759328876372492,5.266666666666667,1.2227992865708155,0.0,0.0,0.0,0.0,1.0,0.0
15000.0,1.265625,2.1016936645739608E-7,15000.0,0.9998819539835165,0.9700097497571265,0.997,0.9838341164805794,0.9996887569431143,0.11607142857142858,0.9897851394382254,0.9807692307692307,0.9693460490463215,15000.0,792840.0,15.0,0.8680409894482214,0.1319590105517785,20882.2,101.52705480384452,24606.4,4829.514213961601,17.266666666666666,3.0110906108363236,9.133333333333333,1.5055453054181618,9.133333333333333,1.5055453054181618,5.6000000000000005,0.9102589898327994,0.0,0.0,0.0,0.0,1.0,0.0
16000.0,1.328125,2.233156313498815E-7,16000.0,0.9998971391835423,0.9701984356266878,0.997,0.9810174639331815,0.9998819539835165,0.09289617486338798,0.9983593098055479,1.0,0.9690920798454604,16000.0,813064.0,15.0,0.8512007556662208,0.1487992443337791,22265.06666666667,84.30257297095888,25942.933333333327,4175.5750924131335,18.333333333333336,2.3502786055720133,9.666666666666668,1.1751393027860066,9.666666666666668,1.1751393027860066,6.133333333333333,0.6399404734221844,0.0,0.0,0.0,0.0,1.0,0.0
17000.0,1.390625,2.368842251598835E-7,17000.0,0.9928027841716318,0.9590182861843851,0.994,0.9672478356278044,0.9998971391835423,0.11234705228031146,0.9878444909448396,0.9801980198019802,0.9383313180169286,17000.0,839184.0,15.0,0.9883219336888628,0.011678066311137127,23643.6,88.63955904996045,27675.733333333337,3152.637885659443,18.6,2.02837021134844,9.8,1.01418510567422,9.8,1.01418510567422,6.2,0.560611910581388,0.0,0.0,0.0,0.0,1.0,0.0
18000.0,1.453125,2.504945991353856E-7,18000.0,0.9999087951843857,0.9793808361142252,0.996,0.9800468898089489,0.9928027841716318,0.12485939257592801,0.9977477448883041,1.0,0.9592067988668554,18000.0,841768.0,15.0,0.8957254780074824,0.10427452199251776,25034.066666666666,106.8473321190212,27846.4,3266.241807162651,18.733333333333334,2.1201976547572388,9.866666666666667,1.0600988273786194,9.866666666666667,1.0600988273786194,6.2,0.560611910581388,0.0,0.0,0.0,0.0,1.0,0.0
19000.0,1.515625,2.642459650006559E-7,19000.0,0.9932505482964199,0.9594206685127752,0.993,0.9641062455132806,0.9999087951843857,0.122334455667789,0.9839264637939665,0.9724770642201835,0.9290288153681963,19000.0,850488.0,15.0,0.9445280856861931,0.05547191431380676,26424.599999999995,112.53558167467344,28421.866666666665,3679.0563593451648,19.400000000000002,2.7464262493023806,10.200000000000001,1.3732131246511903,10.200000000000001,1.3732131246511903,6.466666666666668,0.6399404734221844,0.0,0.0,0.0,0.0,1.0,0.0
20000.0,1.59375,2.8201433855833276E-7,20000.0,0.9996947066835752,0.9484303342517205,0.994,0.9651065413603795,0.9932505482964199,0.10375275938189846,0.9871181943530598,0.9787234042553191,0.9390243902439024,20000.0,879144.0,15.0,0.9155860143813193,0.08441398561868059,27803.333333333336,115.27276141313484,30317.333333333336,4865.992699581552,20.46666666666667,3.5023801430836525,10.733333333333334,1.7511900715418263,10.733333333333334,1.7511900715418263,6.933333333333334,1.0327955589886444,0.0,0.0,0.0,0.0,1.0,0.0
21000.0,1.65625,2.966983205017944E-7,21000.0,0.9954788542244456,0.9684213737370458,0.995,0.974154864054585,0.9996947066835752,0.11982082866741321,0.9930844801695835,0.9906542056074766,0.9493975903614458,21000.0,908168.0,15.0,0.944585096303937,0.0554149036960628,29204.999999999996,126.33006654904274,32234.666666666668,5376.68759775101,21.933333333333334,3.692979181920098,11.466666666666667,1.846489590960049,11.466666666666667,1.846489590960049,7.2,1.2649110640673518,0.0,0.0,0.0,0.0,1.0,0.0
22000.0,1.75,3.193812638831635E-7,22000.0,0.9991092891483516,0.9571872587038533,0.995,0.9732848899337465,0.9954788542244456,0.11607142857142858,0.9886786157390985,0.9807692307692307,0.9495181275814594,22000.0,935256.0,15.0,0.944810111894234,0.05518988810576603,30604.06666666667,129.4005225572732,34025.59999999999,4761.584562186956,23.26666666666667,3.0110906108363245,12.133333333333335,1.5055453054181622,12.133333333333335,1.5055453054181622,7.6,0.9856107606091622,0.0,0.0,0.0,0.0,1.0,0.0
23000.0,1.84375,3.4265637320155895E-7,23000.0,0.9996242543797849,0.9644802328861293,0.993,0.9598596233685803,0.9991092891483516,0.10375275938189846,0.9913675594224165,0.9893617021276596,0.9291684997800264,23000.0,959672.0,15.0,0.9428076854622363,0.057192314537763765,32007.33333333333,134.34745287960584,35641.6,3535.7934005578686,24.066666666666663,2.491891612715891,12.533333333333331,1.2459458063579456,12.533333333333331,1.2459458063579456,8.0,0.7559289460184546,0.0,0.0,0.0,0.0,1.0,0.0
24000.0,1.90625,3.5837916786678957E-7,24000.0,0.9990291671942932,0.9490725282535304,0.99,0.9481004774756072,0.9996242543797849,0.1185682326621924,0.981880715117343,0.9716981132075472,0.8991172761664564,24000.0,972416.0,15.0,0.8039171199753441,0.196082880024656,33359.59999999999,131.03314738754182,36484.26666666666,3364.1999147890533,24.733333333333334,2.374467358818655,12.866666666666667,1.1872336794093274,12.866666666666667,1.1872336794093274,8.2,0.5606119105813882,0.0,0.0,0.0,0.0,1.0,0.0
25000.0,1.984375,3.7825530550132187E-7,25000.0,0.999960092187048,0.9670571991031873,0.997,0.98509213063269,0.9990291671942932,0.1273957158962796,0.9944423587883612,0.9911504424778761,0.9699036918138041,25000.0,983432.0,15.0,0.8264879511674634,0.17351204883253643,34738.73333333334,155.88387008405022,37212.26666666666,3992.6410784031646,25.266666666666666,2.814926202195987,13.133333333333333,1.4074631010979934,13.133333333333333,1.4074631010979934,8.266666666666666,0.5936168397046637,0.0,0.0,0.0,0.0,1.0,0.0
26000.0,2.046875,3.9424689020961516E-7,26000.0,0.9996277987787148,0.9655519804629675,0.994,0.965751469832753,0.999960092187048,0.10497237569060773,0.9919712590457946,0.9894736842105263,0.9396984924623115,26000.0,989040.0,15.0,0.9132802655801554,0.08671973441984451,36109.73333333333,144.20890930802307,37582.4,3912.9127769476277,25.666666666666664,2.6903708365381966,13.333333333333332,1.3451854182690983,13.333333333333332,1.3451854182690983,8.333333333333332,0.6172133998483676,0.0,0.0,0.0,0.0,1.0,0.0
27000.0,2.125,4.1470623626891103E-7,27000.0,0.9982946165191741,0.9682059082957383,0.992,0.9547511312217194,0.9996277987787148,0.10619469026548672,0.986239206714759,0.9791666666666666,0.9194931047335072,27000.0,1012288.0,15.0,0.9488282699534578,0.05117173004654211,37510.26666666666,141.31144259940046,39119.46666666667,4455.615748158507,26.733333333333334,3.1045281828476354,13.866666666666667,1.5522640914238177,13.866666666666667,1.5522640914238177,8.666666666666668,0.7237468644557461,0.0,0.0,0.0,0.0,1.0,0.0
28000.0,2.1875,4.313794973616798E-7,28000.0,1.0,0.9789934635821101,0.999,0.9942116230608937,0.9982946165191741,0.10497237569060773,0.9994473611072818,1.0,0.9899208063354932,28000.0,1031200.0,15.0,0.8012191166261363,0.19878088337386354,38893.4,131.8033166719051,40366.933333333334,4883.457198494097,28.199999999999996,3.9856886839935557,14.599999999999998,1.9928443419967778,14.599999999999998,1.9928443419967778,9.066666666666666,0.9611501047232548,0.0,0.0,0.0,0.0,1.0,0.0
29000.0,2.265625,4.528149535569051E-7,29000.0,0.9994649607444025,0.9692319186746063,0.991,0.9493300304019817,1.0,0.10497237569060773,0.9903165935751671,0.9894736842105263,0.9091541942220674,29000.0,1060584.0,15.0,0.7789951303581466,0.2210048696418534,40303.40000000001,146.03365561208508,42310.93333333333,6043.332187114119,29.000000000000004,4.140393356054125,15.000000000000002,2.0701966780270626,15.000000000000002,2.0701966780270626,9.333333333333334,1.046536236944567,0.0,0.0,0.0,0.0,1.0,0.0
30000.0,2.34375,4.743744244074655E-7,30000.0,0.9999551564479422,0.9805601861386786,0.999,0.9943692425505078,0.9994649607444025,0.10987791342952276,0.9949366763261821,0.98989898989899,0.9899057873485868,30000.0,1066720.0,15.0,0.8713389462409189,0.12866105375908105,41656.53333333334,158.3751724169399,42714.13333333334,5773.478251782847,29.933333333333337,3.6147844564602556,15.466666666666669,1.8073922282301278,15.466666666666669,1.8073922282301278,9.733333333333336,0.7988086367179805,0.0,0.0,0.0,0.0,1.0,0.0
31000.0,2.421875,4.962454679318599E-7,31000.0,0.999888759107848,0.9672820205873205,0.997,0.9792640106168266,0.9999551564479422,0.08459869848156182,0.9924908563838571,0.9871794871794872,0.9695081967213115,31000.0,1082136.0,15.0,0.8669750457881723,0.13302495421182783,43019.13333333333,152.63816535784747,43733.33333333333,5229.01764424347,30.73333333333333,3.195234546871921,15.866666666666665,1.5976172734359602,15.866666666666665,1.5976172734359602,10.0,0.7559289460184546,0.0,0.0,0.0,0.0,1.0,0.0
32000.0,2.5,5.185247735223835E-7,32000.0,0.9996004155678094,0.9623937305933078,0.993,0.9602245607655067,0.999888759107848,0.10741971207087486,0.9822318903787034,0.9690721649484536,0.9288210994598028,32000.0,1102336.0,15.0,0.8062839729849793,0.1937160270150207,44395.53333333333,161.11170333771926,45070.4,4487.068097799019,31.266666666666666,2.6040261866871424,16.13333333333333,1.302013093343571,16.13333333333333,1.302013093343571,10.066666666666666,0.7037315505489967,0.0,0.0,0.0,0.0,1.0,0.0
33000.0,2.578125,5.412249528389009E-7,33000.0,0.9995655441266262,0.967195200367716,0.996,0.9765158987365553,0.9996004155678094,0.10375275938189846,0.9882119544607231,0.9787234042553191,0.9592718296821968,33000.0,1123160.0,15.0,0.9753444489179786,0.024655551082021315,45787.0,174.7393977981408,46448.53333333333,3555.176786174267,31.933333333333334,2.374467358818655,16.466666666666665,1.1872336794093277,16.466666666666665,1.1872336794093277,10.133333333333333,0.6399404734221844,0.0,0.0,0.0,0.0,1.0,0.0
34000.0,2.640625,5.595316502472591E-7,34000.0,0.999831159512051,0.9741361183298833,0.995,0.9741559327640746,0.9995655441266262,0.1185682326621924,0.9971996584619798,1.0,0.9492082461906184,34000.0,1132224.0,15.0,0.8837376074146375,0.11626239258536242,47200.26666666667,177.79581654513836,47048.0,3224.2779036553284,32.33333333333334,2.225394561056748,16.66666666666667,1.112697280528374,16.66666666666667,1.112697280528374,10.266666666666666,0.5936168397046637,0.0,0.0,0.0,0.0,1.0,0.0
35000.0,2.703125,5.780028813104661E-7,35000.0,1.0,0.9828154940100577,0.997,0.9790198053037932,0.999831159512051,0.08225108225108226,0.998375303557358,1.0,0.9693251533742331,35000.0,1142400.0,15.0,0.920961100677951,0.0790388993220489,48534.93333333334,181.61752065680244,47720.53333333333,3069.183927520862,32.733333333333334,2.1201976547572383,16.866666666666667,1.0600988273786192,16.866666666666667,1.0600988273786192,10.4,0.7367883976130074,0.0,0.0,0.0,0.0,1.0,0.0
36000.0,2.796875,6.064757407228979E-7,36000.0,0.9983948822332074,0.9492339207193814,0.992,0.953909085671487,1.0,0.10497237569060773,0.9813616357264041,0.968421052631579,0.9181353041500853,36000.0,1173984.0,15.0,0.908095094649977,0.091904905350023,49912.600000000006,182.1552712856338,49808.00000000001,3496.886451851541,34.333333333333336,2.581988897471612,17.666666666666668,1.290994448735806,17.666666666666668,1.290994448735806,10.666666666666668,0.8164965809277263,0.0,0.0,0.0,0.0,1.0,0.0
37000.0,2.890625,6.35499244607571E-7,37000.0,0.9997830827368108,0.9683942102681036,0.993,0.9609401156172578,0.9983948822332074,0.10741971207087486,0.9915214085260261,0.9896907216494846,0.9283540802213001,37000.0,1196688.0,15.0,0.8705726665639403,0.12942733343605964,51293.2,168.73487233780997,51306.13333333333,3740.164661513994,35.8,3.098386676965933,18.4,1.5491933384829666,18.4,1.5491933384829666,10.933333333333334,0.8837151016885368,0.0,0.0,0.0,0.0,1.0,0.0
38000.0,2.953125,6.551488574283818E-7,38000.0,0.9998802765611438,0.9720209977452128,0.997,0.98509213063269,0.9997830827368108,0.1273957158962796,0.9944423587883612,0.9911504424778761,0.969420600858369,38000.0,1215280.0,15.0,0.9870625217687473,0.012937478231252733,52701.399999999994,190.30606926737698,52535.46666666667,3305.0215877113574,36.46666666666666,2.5597618936887367,18.73333333333333,1.2798809468443684,18.73333333333333,1.2798809468443684,11.2,0.8618916073713343,0.0,0.0,0.0,0.0,1.0,0.0
39000.0,3.046875,6.849579707098504E-7,39000.0,0.9999567057397366,0.9818615544382994,0.998,0.9892686591189569,0.9998802765611438,0.11482720178372352,0.9988845506846287,1.0,0.9796397807361003,39000.0,1229080.0,15.0,0.9841980196515221,0.01580198034847775,54106.200000000004,184.00279500982808,53445.86666666666,2793.737431845598,37.53333333333333,2.445598573141631,19.266666666666666,1.2227992865708155,19.266666666666666,1.2227992865708155,11.533333333333335,0.7432233529572069,0.0,0.0,0.0,0.0,1.0,0.0
40000.0,3.125,7.101306821116143E-7,40000.0,0.9999308628318584,0.9858029307434091,0.995,0.971848114949777,0.9999567057397366,0.10619469026548672,0.9972306787041163,1.0,0.9490705373058314,40000.0,1245496.0,15.0,0.9266279567882406,0.07337204321175934,55502.333333333336,189.50788399229836,54532.8,3401.3896991838924,37.8,2.5967012040004036,19.4,1.2983506020002018,19.4,1.2983506020002018,11.600000000000001,0.7367883976130074,0.0,0.0,0.0,0.0,1.0,0.0
41000.0,3.1875,7.303555159726076E-7,41000.0,1.0,0.98960377203099,0.998,0.9881449165402124,0.9999308628318584,0.1013215859030837,0.9988980712906567,1.0,0.9795969146553869,41000.0,1250856.0,15.0,0.9998696229898382,1.303770101617653E-4,56869.46666666665,184.94356925701214,54886.4,3207.77797592931,38.199999999999996,2.808151400069855,19.599999999999998,1.4040757000349275,19.599999999999998,1.4040757000349275,11.733333333333333,0.7988086367179803,0.0,0.0,0.0,0.0,1.0,0.0
42000.0,3.265625,7.560635761668284E-7,42000.0,0.9996277987787148,0.970842709634915,0.999,0.9942116230608937,1.0,0.10497237569060773,0.9994473611072818,1.0,0.9897909577053962,42000.0,1271984.0,15.0,0.9407490090828923,0.059250990917107775,58280.99999999999,201.0962811334765,56283.20000000001,3808.2290447323226,39.266666666666666,2.9146591730832085,20.133333333333333,1.4573295865416043,20.133333333333333,1.4573295865416043,12.133333333333333,0.7432233529572067,0.0,0.0,0.0,0.0,1.0,0.0
43000.0,3.34375,7.820460208070774E-7,43000.0,0.9999327346719133,0.976364765491281,0.998,0.9887891119855604,0.9996277987787148,0.10987791342952276,0.99438439392097,0.98989898989899,0.9795869926418229,43000.0,1285560.0,15.0,0.9037812807430092,0.09621871925699055,59659.466666666674,195.48688909879365,57181.86666666666,3798.6673954101825,39.53333333333334,2.7740292167239504,20.26666666666667,1.3870146083619752,20.26666666666667,1.3870146083619752,12.2,0.7745966692414833,0.0,0.0,0.0,0.0,1.0,0.0
44000.0,3.421875,8.080544972067905E-7,44000.0,0.9999176268289418,0.9772208484726526,0.995,0.9745655801082489,0.9999327346719133,0.122334455667789,0.9931654126258387,0.9908256880733946,0.94909763998149,44000.0,1286848.0,15.0,0.9843940789191731,0.015605921080826786,61059.73333333334,200.14832595091227,57264.0,3949.1487690387157,40.46666666666666,3.335237551331168,20.73333333333333,1.667618775665584,20.73333333333333,1.667618775665584,12.333333333333332,0.7237468644557459,0.0,0.0,0.0,0.0,1.0,0.0
45000.0,3.484375,8.294438723371261E-7,45000.0,1.0,0.9661708180269889,1.0,1.0,0.9999176268289418,0.09289617486338798,1.0,1.0,1.0,45000.0,1322880.0,15.0,0.971443204525415,0.02855679547458497,62419.33333333332,198.43194827254405,59645.333333333336,3246.7100417558217,41.93333333333334,2.8149262021959878,21.46666666666667,1.4074631010979939,21.46666666666667,1.4074631010979939,12.4,0.828078671210825,0.0,0.0,0.0,0.0,1.0,0.0
46000.0,3.578125,8.619024043178393E-7,46000.0,0.999553645573825,0.9659537768262253,0.994,0.9693577381925151,1.0,0.1210762331838565,0.9925659984365189,0.9907407407407407,0.9388704318936876,46000.0,1338320.0,15.0,0.9186254534529821,0.08137454654701791,63820.66666666668,194.94419225829247,60662.933333333334,3855.7579848967744,43.53333333333333,3.159264531651691,22.266666666666666,1.5796322658258455,22.266666666666666,1.5796322658258455,12.666666666666668,0.7237468644557461,0.0,0.0,0.0,0.0,1.0,0.0
47000.0,3.640625,8.8395418262937E-7,47000.0,0.9999094981673379,0.9740518272531138,0.998,0.9887892376681614,0.999553645573825,0.10864745011086474,0.9988907373180403,1.0,0.9796228051159765,47000.0,1363848.0,15.0,0.9723806553698146,0.027619344630185453,65198.466666666674,206.3488262511759,62351.46666666667,3955.241547015568,44.2,3.4475664294853385,22.6,1.7237832147426693,22.6,1.7237832147426693,12.666666666666668,0.7237468644557461,0.0,0.0,0.0,0.0,1.0,0.0
48000.0,3.71875,9.118438982922169E-7,48000.0,0.9997045291460892,0.9778665763190821,0.999,0.9947455810336493,0.9999094981673379,0.1185682326621924,0.9994405593967747,1.0,0.9898283534647171,48000.0,1379928.0,15.0,0.7864747396950583,0.21352526030494162,66616.26666666666,219.9079244549758,63413.33333333333,3924.898008987289,45.13333333333333,3.159264531651692,23.066666666666666,1.579632265825846,23.066666666666666,1.579632265825846,12.933333333333334,1.0327955589886446,0.0,0.0,0.0,0.0,1.0,0.0
49000.0,3.796875,9.40346734650019E-7,49000.0,0.9997444444444444,0.9499340507073583,0.996,0.9773755656108597,0.9997045291460892,0.1111111111111111,0.9797958971132712,0.96,0.959327661340527,49000.0,1410264.0,15.0,0.8287561071849758,0.17124389281502422,68005.26666666666,213.846228687367,65419.200000000004,4092.179915050517,46.333333333333336,2.9920529661723823,23.666666666666668,1.4960264830861911,23.666666666666668,1.4960264830861911,13.066666666666668,0.9611501047232549,0.0,0.0,0.0,0.0,1.0,0.0
50000.0,3.890625,9.750439332694643E-7,50000.0,0.9999463427197802,0.9745225208838628,0.997,0.9841054550078413,0.9997444444444444,0.11607142857142858,0.9983244891889038,1.0,0.9695307739183424,50000.0,1430624.0,15.0,0.7812676996178004,0.21873230038219954,69378.26666666666,223.36116386652662,66765.86666666667,3829.5351054415887,47.13333333333333,3.6619016657365084,24.066666666666666,1.8309508328682542,24.066666666666666,1.8309508328682542,13.200000000000001,0.8618916073713346,0.0,0.0,0.0,0.0,1.0,0.0
51000.0,3.96875,1.0041353137542804E-6,51000.0,0.9997150816765861,0.9633065460466038,0.997,0.9842367431009479,0.9999463427197802,0.1185682326621924,0.9941579383234428,0.9905660377358491,0.9695764565519984,51000.0,1439384.0,15.0,0.9632781595022006,0.036721840497799224,70743.4,210.23585394911592,67344.53333333334,4825.756104586345,47.666666666666664,3.8297084310253524,24.333333333333332,1.9148542155126762,24.333333333333332,1.9148542155126762,13.266666666666667,0.8837151016885366,0.0,0.0,0.0,0.0,1.0,0.0
52000.0,4.0625,1.0393396951258183E-6,52000.0,0.9998910934220427,0.9716025946179625,0.995,0.9753427359700167,0.9997150816765861,0.12866817155756208,0.9895097470081744,0.9824561403508771,0.9494458487264242,52000.0,1451536.0,15.0,0.7948615828250899,0.20513841717491016,72156.8,218.29344601116333,68147.73333333334,5007.019408029188,48.33333333333333,4.386125310350268,24.666666666666664,2.193062655175134,24.666666666666664,2.193062655175134,13.266666666666667,0.8837151016885366,0.0,0.0,0.0,0.0,1.0,0.0
53000.0,4.125,1.0631646081391309E-6,53000.0,0.9991135874382677,0.9523968806488953,0.993,0.9629119423545618,0.9998910934220427,0.1185682326621924,0.979303362912316,0.9622641509433962,0.9293198704515145,53000.0,1473512.0,15.0,0.9065120073181112,0.09348799268188891,73564.80000000002,229.7831897370101,69601.06666666665,4975.2804869484,49.39999999999999,4.222389303293981,25.199999999999996,2.1111946516469904,25.199999999999996,2.1111946516469904,13.533333333333331,0.9154754164341269,0.0,0.0,0.0,0.0,1.0,0.0
54000.0,4.234375,1.105648213221381E-6,54000.0,0.9998,0.969434025204859,0.995,0.9725877192982456,0.9991135874382677,0.1111111111111111,0.9927738916792684,0.99,0.9495232753785754,54000.0,1501432.0,15.0,0.9825041804190344,0.017495819580965553,74954.40000000001,214.6122084132222,71446.40000000001,4799.633509818372,50.46666666666667,4.033195589934446,25.733333333333334,2.016597794967223,25.733333333333334,2.016597794967223,13.599999999999998,0.8280786712108252,0.0,0.0,0.0,0.0,1.0,0.0
55000.0,4.328125,1.1424804688431323E-6,55000.0,0.9995433320774966,0.9618897410311035,0.994,0.9660621966808828,0.9998,0.10741971207087486,0.9874427062038517,0.979381443298969,0.9394050679397722,55000.0,1518656.0,15.0,0.9818757043489408,0.018124295651059354,76354.93333333335,208.8914505077668,72587.20000000001,5413.224695133208,51.0,4.0708019567928595,26.0,2.0354009783964297,26.0,2.0354009783964297,13.666666666666668,0.8997354108424377,0.0,0.0,0.0,0.0,1.0,0.0
56000.0,4.40625,1.1733627050287195E-6,56000.0,0.9997004056047197,0.972077548374524,0.996,0.9773755656108597,0.9995433320774966,0.10619469026548672,0.9977851578566089,1.0,0.9595813785636954,56000.0,1527992.0,15.0,0.965295874498804,0.03470412550119588,77752.4,211.63911331725564,73203.2,5409.535538552007,51.8,4.195235392680606,26.4,2.097617696340303,26.4,2.097617696340303,13.8,1.0141851056742202,0.0,0.0,0.0,0.0,1.0,0.0
57000.0,4.5,1.210933809892999E-6,57000.0,0.9999663673359567,0.9781388141581339,0.997,0.983407446737904,0.9997004056047197,0.10987791342952276,0.9983337950103219,1.0,0.9696862258464811,57000.0,1549120.0,15.0,0.8758640451214499,0.12413595487855006,79107.66666666669,201.99811408832207,74598.93333333332,5849.087150593508,52.86666666666667,4.307247491424303,26.933333333333334,2.1536237457121516,26.933333333333334,2.1536237457121516,13.933333333333334,1.0997835284835873,0.0,0.0,0.0,0.0,1.0,0.0
58000.0,4.578125,1.2424011947587133E-6,58000.0,0.9999555555555556,0.9768501946638742,0.996,0.9781659388646288,0.9999663673359567,0.1111111111111111,0.9977753031397177,1.0,0.9595889217906287,58000.0,1556944.0,15.0,0.9458941989558058,0.05410580104419407,80473.86666666665,208.3177060805602,75116.26666666665,5935.903631614105,53.13333333333333,4.307247491424303,27.066666666666666,2.1536237457121516,27.066666666666666,2.1536237457121516,14.0,1.1952286093343936,0.0,0.0,0.0,0.0,1.0,0.0
59000.0,4.671875,1.2802338460460305E-6,59000.0,0.9999327346719133,0.9738571342340561,0.995,0.9723457445631734,0.9999555555555556,0.10987791342952276,0.99272570320171,0.98989898989899,0.949486301369863,59000.0,1559904.0,15.0,0.9317209433286177,0.06827905667138219,81877.73333333335,220.4901898260399,75312.53333333333,5866.319920488808,53.13333333333333,4.307247491424303,27.066666666666666,2.1536237457121516,27.066666666666666,2.1536237457121516,14.0,1.1952286093343936,0.0,0.0,0.0,0.0,1.0,0.0
60000.0,4.734375,1.3054660909498732E-6,60000.0,0.9999900994020039,0.976873418660507,0.998,0.9900231463005826,0.9999327346719133,0.12866817155756208,0.9911892555667041,0.9824561403508771,0.9798454820288881,60000.0,1560552.0,15.0,0.8051897945168344,0.19481020548316566,83303.6,224.01109666391937,75355.2,5919.608326811593,53.26666666666666,4.333699618219101,27.13333333333333,2.1668498091095505,27.13333333333333,2.1668498091095505,14.0,1.1952286093343936,0.0,0.0,0.0,0.0,1.0,0.0
61000.0,4.828125,1.3435713481158019E-6,61000.0,0.99997557997558,0.9760523906370405,0.996,0.9760593727555662,0.9999900994020039,0.0989010989010989,0.99779977731226,1.0,0.9596293845135672,61000.0,1571144.0,15.0,0.979546391722329,0.020453608277670877,84667.06666666668,218.40083289567076,76056.53333333331,6018.8742880407535,53.400000000000006,4.420730385678044,27.200000000000003,2.210365192839022,27.200000000000003,2.210365192839022,14.066666666666666,1.0997835284835873,0.0,0.0,0.0,0.0,1.0,0.0
62000.0,4.90625,1.375407381500635E-6,62000.0,0.999779007648257,0.9722416272578688,0.996,0.9809233117130866,0.99997557997558,0.13378684807256236,0.9940587951796179,0.9915254237288136,0.9597533268419344,62000.0,1575184.0,15.0,0.9374701467409777,0.06252985325902237,86092.93333333333,225.10171245990392,76323.2,6266.919079009808,53.800000000000004,4.828486896977738,27.400000000000002,2.414243448488869,27.400000000000002,2.414243448488869,14.066666666666666,1.0997835284835873,0.0,0.0,0.0,0.0,1.0,0.0
63000.0,4.984375,1.4074018690735104E-6,63000.0,0.9999683424085095,0.9802640032590026,0.996,0.9790689886135298,0.999779007648257,0.1185682326621924,0.9936005186337983,0.9905660377358491,0.9597957881301851,63000.0,1583024.0,15.0,0.9168642377292817,0.08313576227071834,87476.13333333335,229.47451357602245,76840.53333333334,6914.967264323575,54.333333333333336,4.879500364742666,27.666666666666668,2.439750182371333,27.666666666666668,2.439750182371333,14.066666666666666,1.0997835284835873,0.0,0.0,0.0,0.0,1.0,0.0
64000.0,5.078125,1.4460319653153421E-6,64000.0,1.0,0.9839571324160193,1.0,1.0,0.9999683424085095,0.1185682326621924,1.0,1.0,1.0,64000.0,1592784.0,15.0,0.888001964196259,0.11199803580374099,88882.80000000002,224.7119425906354,77486.93333333333,6564.420717198202,54.333333333333336,4.879500364742666,27.666666666666668,2.439750182371333,27.666666666666668,2.439750182371333,14.066666666666666,1.0997835284835873,0.0,0.0,0.0,0.0,1.0,0.0
65000.0,5.15625,1.4782492588791584E-6,65000.0,0.9998814477599555,0.9720707971496082,0.998,0.988029256497121,1.0,0.10253583241455347,0.9891888715790903,0.978494623655914,0.9798979434049792,65000.0,1594048.0,15.0,0.7873697448988687,0.21263025510113123,90242.73333333332,230.56157115885318,77569.6,6822.435727593397,54.733333333333334,4.712698145385912,27.866666666666667,2.356349072692956,27.866666666666667,2.356349072692956,14.133333333333335,1.1872336794093274,0.0,0.0,0.0,0.0,1.0,0.0
66000.0,5.25,1.5171667069403664E-6,66000.0,1.0,0.9864853826963227,0.998,0.9900231463005826,0.9998814477599555,0.12612612612612611,0.9988732390787871,1.0,0.9799361605107159,66000.0,1604632.0,15.0,0.8750135395817726,0.12498646041822739,91645.53333333334,242.83470764718942,78268.79999999999,6433.147587745387,55.266666666666666,4.651676605063516,28.133333333333333,2.325838302531758,28.133333333333333,2.325838302531758,14.133333333333335,1.1872336794093274,0.0,0.0,0.0,0.0,1.0,0.0
67000.0,5.34375,1.556346089475685E-6,67000.0,0.9997602493406856,0.9801035869349307,0.996,0.9773747977872552,1.0,0.10741971207087486,0.9931780870556195,0.9896907216494846,0.9598562013181545,67000.0,1615432.0,15.0,0.916430477913945,0.083569522086055,93015.26666666666,241.97445752648983,78981.33333333333,6577.250257697434,56.06666666666666,4.712698145385911,28.53333333333333,2.3563490726929555,28.53333333333333,2.3563490726929555,14.133333333333335,1.1872336794093274,0.0,0.0,0.0,0.0,1.0,0.0
68000.0,5.4375,1.5957854662297503E-6,68000.0,0.999947671923894,0.9864949258257604,0.998,0.9896197722578033,0.9997602493406856,0.11982082866741321,0.9988795514688772,1.0,0.9799498746867168,68000.0,1626152.0,15.0,0.8721745170951622,0.1278254829048377,94394.73333333332,254.1668368461572,79688.53333333334,6451.92327767096,56.866666666666674,4.867775477077603,28.933333333333337,2.4338877385388016,28.933333333333337,2.4338877385388016,14.133333333333335,1.1872336794093274,0.0,0.0,0.0,0.0,1.0,0.0
69000.0,5.53125,1.6357863528860942E-6,69000.0,0.9997467392680764,0.976144680932165,0.995,0.9737279051682465,0.999947671923894,0.1185682326621924,0.9888577683148838,0.9811320754716981,0.9499201625780229,69000.0,1649304.0,15.0,0.9071169637590398,0.09288303624096012,95809.06666666667,261.03734452774114,81220.26666666668,6384.97154559793,57.93333333333334,4.949266419908924,29.46666666666667,2.474633209954462,29.46666666666667,2.474633209954462,14.4,1.2421180068162374,0.0,0.0,0.0,0.0,1.0,0.0
70000.0,5.609375,1.6693927076024316E-6,70000.0,0.9989731311519021,0.9721627991363725,0.995,0.9735085302532585,0.9997467392680764,0.11731843575418995,0.988769069304292,0.9809523809523809,0.9499571060909351,70000.0,1662776.0,15.0,0.9046941619751289,0.09530583802487112,97217.46666666667,261.47025688994745,82109.33333333333,6434.83211754218,59.13333333333334,4.983783225431784,30.06666666666667,2.491891612715892,30.06666666666667,2.491891612715892,14.6,1.2983506020002018,0.0,0.0,0.0,0.0,1.0,0.0
71000.0,5.71875,1.718352561713093E-6,71000.0,0.9933077750874361,0.9413882664370238,0.992,0.960993876038538,0.9989731311519021,0.13378684807256236,0.9731393882862657,0.9491525423728814,0.9201349831271091,71000.0,1730312.0,15.0,0.8831991626283447,0.11680083737165518,98664.33333333333,276.0972051047735,86578.66666666667,7448.989142030966,61.266666666666666,5.119523787377475,31.133333333333333,2.5597618936887376,31.133333333333333,2.5597618936887376,15.0,1.3093073414159542,0.0,0.0,0.0,0.0,1.0,0.0
72000.0,5.84375,1.7769418061814375E-6,72000.0,0.9882222222222222,0.8693188539913964,0.984,0.9069767441860463,0.9933077750874361,0.1111111111111111,0.9311820445004295,0.87,0.8402662229617303,72000.0,1811800.0,15.0,0.853179690491095,0.14682030950890504,100211.40000000001,276.13086959421423,91967.46666666667,6725.0467217353835,64.99999999999999,4.898979485566357,32.99999999999999,2.4494897427831788,32.99999999999999,2.4494897427831788,15.0,1.3093073414159542,0.0,0.0,0.0,0.0,1.0,0.0
73000.0,5.96875,1.8399455196534595E-6,73000.0,0.9505131276126063,0.7277588291637095,0.973,0.8219608050009231,0.9882222222222222,0.10375275938189846,0.855816656886457,0.7340425531914894,0.7302217355598135,73000.0,1948312.0,15.0,0.8674756676270091,0.13252433237299088,101859.73333333331,277.42218128093197,100996.26666666668,7071.673468005665,71.26666666666667,5.700459463520295,36.13333333333333,2.8502297317601477,36.13333333333333,2.8502297317601477,15.0,1.3093073414159542,0.0,0.0,0.0,0.0,1.0,0.0
74000.0,6.09375,1.9061325454256602E-6,74000.0,0.9491494421071885,0.6814016544472496,0.972,0.7763971187171582,0.9505131276126063,0.08342361863488625,0.8278458526508972,0.6883116883116883,0.7193552756332112,74000.0,2046752.0,15.0,0.9493810180479915,0.05061898195200848,103705.4,285.59756901726723,107509.86666666667,8463.060421339202,74.73333333333335,6.540714974752559,37.866666666666674,3.2703574873762795,37.866666666666674,3.2703574873762795,15.0,1.3093073414159542,0.0,0.0,0.0,0.0,1.0,0.0
75000.0,6.21875,1.9748765690666106E-6,75000.0,0.9073352619736419,0.5998307900193787,0.956,0.6833393306944939,0.9491494421071885,0.09289617486338798,0.7844437372153062,0.6235294117647059,0.5581146223888586,75000.0,2125824.0,15.0,0.8709554431083731,0.129044556891627,105559.59999999999,287.34593387463445,112738.13333333333,10520.184448862825,78.6,7.490946917065005,39.8,3.7454734585325027,39.8,3.7454734585325027,15.200000000000001,1.3732131246511905,0.0,0.0,0.0,0.0,1.0,0.0
76000.0,6.359375,2.0547121595073907E-6,76000.0,0.9165182433463945,0.6348961475983802,0.948,0.6692280291079332,0.9073352619736419,0.09409190371991247,0.8233031643028752,0.6976744186046512,0.4768334657135291,76000.0,2194504.0,15.0,0.9972804841212461,0.0027195158787538145,107424.73333333332,275.33394442455085,117278.93333333333,11168.280334863342,81.66666666666666,8.059303999253345,41.33333333333333,4.029651999626672,41.33333333333333,4.029651999626672,15.4,1.2983506020002018,0.0,0.0,0.0,0.0,1.0,0.0
77000.0,6.484375,2.1278352101540404E-6,77000.0,0.8696518210634073,0.5753089583021354,0.951,0.6693300221346431,0.9165182433463945,0.09769484083424808,0.7862331288099879,0.6292134831460674,0.5063456757817607,77000.0,2261240.0,15.0,0.9128430643151296,0.0871569356848704,109392.86666666667,299.5784816482404,121689.59999999999,12049.241142673081,85.66666666666667,8.30375703837612,43.333333333333336,4.15187851918806,43.333333333333336,4.15187851918806,15.4,1.2983506020002018,0.0,0.0,0.0,0.0,1.0,0.0
78000.0,6.65625,2.2325451653968134E-6,78000.0,0.8661798986173979,0.4904305066194061,0.941,0.5833568724930787,0.8696518210634073,0.09769484083424808,0.7198856168675237,0.5280898876404494,0.4048111743404027,78000.0,2354928.0,15.0,0.9954323665868454,0.004567633413154614,111353.0,299.9633310923188,127885.86666666667,11111.645563273225,89.26666666666665,7.741047056038964,45.133333333333326,3.870523528019482,45.133333333333326,3.870523528019482,15.4,1.2983506020002018,0.0,0.0,0.0,0.0,1.0,0.0
79000.0,6.796875,2.321206201385293E-6,79000.0,0.8645579772340336,0.4713315468893837,0.953,0.6271853285528444,0.8661798986173979,0.08342361863488625,0.7501741014454527,0.5714285714285714,0.524522986297861,79000.0,2437096.0,15.0,0.8813681253755057,0.11863187462449426,113326.40000000001,288.39055859322764,133318.93333333332,12550.702971015875,93.0,8.783100656536798,47.0,4.391550328268399,47.0,4.391550328268399,15.4,1.2983506020002018,0.0,0.0,0.0,0.0,1.0,0.0
80000.0,6.9375,2.4123192350897526E-6,80000.0,0.8666637111909089,0.4835610095618523,0.954,0.6322765280509052,0.8645579772340336,0.07874865156418555,0.7692114447234658,0.6027397260273972,0.5331134229890885,80000.0,2504496.0,15.0,0.9263585198028187,0.07364148019718131,115249.66666666666,295.96372042790114,137771.19999999998,12170.771094247542,96.86666666666667,9.117225977445635,48.93333333333334,4.5586129887228175,48.93333333333334,4.5586129887228175,15.4,1.2983506020002018,0.0,0.0,0.0,0.0,1.0,0.0
81000.0,7.09375,2.5178393762972624E-6,81000.0,0.8439101940172604,0.4928799708530218,0.967,0.6751584832854272,0.8666637111909089,0.07066381156316917,0.7471312991165107,0.5606060606060606,0.6636889783593354,81000.0,2610464.0,15.0,0.9966325108867766,0.003367489113223403,117012.66666666666,293.41162375131194,144777.06666666665,12059.541755488926,101.4,8.886587003536768,51.2,4.443293501768384,51.2,4.443293501768384,15.4,1.2983506020002018,0.0,0.0,0.0,0.0,1.0,0.0
82000.0,7.25,2.6262162201520474E-6,82000.0,0.9091988337785226,0.5100461939113881,0.963,0.6412782129837894,0.8439101940172604,0.06496272630457935,0.7632967334630426,0.5901639344262295,0.6211761768010986,82000.0,2681136.0,15.0,0.9268457291104618,0.07315427088953819,118818.2,277.60717364135826,149448.53333333333,10670.910403433028,104.73333333333336,8.171961354592442,52.86666666666668,4.085980677296221,52.86666666666668,4.085980677296221,15.4,1.2983506020002018,0.0,0.0,0.0,0.0,1.0,0.0
83000.0,7.390625,2.726675366931078E-6,83000.0,0.8217604617604618,0.39272305864166585,0.951,0.48926412341046455,0.9091988337785226,0.0582010582010582,0.6802370636200755,0.4727272727272727,0.4956597222222217,83000.0,2761400.0,15.0,0.9999561456827678,4.385431723220032E-5,120899.26666666666,281.0151156754651,154754.13333333333,12925.517960700105,108.86666666666666,9.455660939856285,54.93333333333333,4.727830469928143,54.93333333333333,4.727830469928143,15.466666666666669,1.1872336794093277,0.0,0.0,0.0,0.0,1.0,0.0
84000.0,7.578125,2.864863458348232E-6,84000.0,0.8718103033220992,0.45051232444958245,0.949,0.5371210746051913,0.8217604617604618,0.06609808102345416,0.7209538125913137,0.532258064516129,0.4728033472803345,84000.0,2848864.0,15.0,0.958802399778324,0.04119760022167596,122923.26666666666,291.2719560495886,160536.53333333333,13151.824978559696,113.0,9.91391518451284,57.0,4.95695759225642,57.0,4.95695759225642,15.666666666666668,1.345185418269099,0.0,0.0,0.0,0.0,1.0,0.0
85000.0,7.734375,2.9837745953247787E-6,85000.0,0.8891684322033898,0.4998458601531751,0.958,0.5959673695551791,0.8718103033220992,0.059322033898305086,0.7708953632088787,0.6071428571428571,0.563676362747494,85000.0,2941744.0,15.0,0.9983263422039068,0.0016736577960931153,124724.40000000001,318.7210603109133,166675.2,14364.532130016827,117.53333333333333,11.224123679867056,59.266666666666666,5.612061839933528,59.266666666666666,5.612061839933528,15.666666666666668,1.345185418269099,0.0,0.0,0.0,0.0,1.0,0.0
86000.0,7.890625,3.1064643796222913E-6,86000.0,0.8971316131126258,0.4700166795686975,0.962,0.6000336813741997,0.8891684322033898,0.05485232067510549,0.7651557512011754,0.5961538461538461,0.6031090599951415,86000.0,3035224.0,15.0,0.8765066687910514,0.12349333120894855,126651.06666666665,329.78899458954345,172852.2666666667,14435.69064836311,122.46666666666665,12.105882080723442,61.73333333333333,6.052941040361721,61.73333333333333,6.052941040361721,15.666666666666668,1.345185418269099,0.0,0.0,0.0,0.0,1.0,0.0
87000.0,8.09375,3.272076913466057E-6,87000.0,0.9011925359528195,0.5039259206635759,0.952,0.5745359783013344,0.8971316131126258,0.060445387062566275,0.7832595756664893,0.631578947368421,0.4963213122663125,87000.0,3151608.0,15.0,0.9582550359366855,0.04174496406331445,128560.13333333333,338.48039965761916,180549.8666666667,13757.110815173088,126.33333333333333,11.023783811550802,63.666666666666664,5.5118919057754,63.666666666666664,5.5118919057754,15.666666666666668,1.345185418269099,0.0,0.0,0.0,0.0,1.0,0.0
88000.0,8.28125,3.42844092908005E-6,88000.0,0.9111895488477767,0.4774714432581595,0.939,0.49583443533456706,0.9011925359528195,0.05485232067510549,0.7900560582249478,0.6538461538461539,0.35658635982260484,88000.0,3223576.0,15.0,0.993450623707056,0.006549376292943966,130583.40000000001,357.79718916088086,185304.00000000003,13446.284585076175,130.59999999999997,9.686514926874962,65.79999999999998,4.843257463437481,65.79999999999998,4.843257463437481,15.666666666666668,1.345185418269099,0.0,0.0,0.0,0.0,1.0,0.0
89000.0,8.4375,3.560964897688893E-6,89000.0,0.902345550945136,0.5474755667933602,0.957,0.5059742647058826,0.9111895488477767,0.03734439834024896,0.8032609885757149,0.6666666666666666,0.5432629192027681,89000.0,3278512.0,15.0,0.9927463224743289,0.007253677525670963,132198.06666666668,362.45678888596217,188935.46666666667,13406.610383723111,133.2666666666667,10.388638482679504,67.13333333333335,5.194319241339752,67.13333333333335,5.194319241339752,15.666666666666668,1.345185418269099,0.0,0.0,0.0,0.0,1.0,0.0
90000.0,8.59375,3.695991795717015E-6,90000.0,0.9204123711340206,0.4845157918681768,0.949,0.3898061737257719,0.902345550945136,0.030927835051546393,0.758865132062209,0.6,0.4541562611487689,90000.0,3340432.0,15.0,0.9734927760774278,0.026507223922572116,133946.6,353.07522468408126,193024.53333333335,14348.998401414976,137.13333333333335,12.011105971835677,69.06666666666668,6.005552985917839,69.06666666666668,6.005552985917839,15.666666666666668,1.345185418269099,0.0,0.0,0.0,0.0,1.0,0.0
91000.0,8.78125,3.862022163553371E-6,91000.0,0.9123324601337776,0.526938258565098,0.954,0.5166137744057507,0.9204123711340206,0.04275286757038582,0.7978486549193183,0.6585365853658537,0.5046153846153842,91000.0,3422856.0,15.0,0.9968783908729246,0.0031216091270753286,135915.93333333335,342.4231856858326,198471.99999999997,16484.909116262323,141.0,12.917319491951215,71.0,6.458659745975607,71.0,6.458659745975607,15.666666666666668,1.345185418269099,0.0,0.0,0.0,0.0,1.0,0.0
92000.0,8.953125,4.019078915007413E-6,92000.0,0.871739452257587,0.45173411455519386,0.942,0.35462334483142344,0.9123324601337776,0.03626943005181347,0.7017372964013112,0.5142857142857142,0.3711255156157923,92000.0,3532208.0,15.0,0.9999991652377365,8.347622634402227E-7,137614.4666666667,356.916730318073,205702.93333333332,17757.873969701708,145.13333333333333,13.616516581325923,73.06666666666666,6.808258290662962,73.06666666666666,6.808258290662962,15.733333333333333,1.2798809468443688,0.0,0.0,0.0,0.0,1.0,0.0
93000.0,9.140625,4.194153201145431E-6,93000.0,0.8839746900826446,0.44211694171863447,0.945,0.3411595591758508,0.871739452257587,0.03305785123966942,0.6927159388240077,0.5,0.39943642127509604,93000.0,3609304.0,15.0,0.9448750150550672,0.05512498494493266,139569.2666666667,336.27252270116907,210804.2666666667,18520.09919545583,148.06666666666666,13.729356798307709,74.53333333333333,6.8646783991538545,74.53333333333333,6.8646783991538545,15.733333333333333,1.2798809468443688,0.0,0.0,0.0,0.0,1.0,0.0
94000.0,9.328125,4.37144636331747E-6,94000.0,0.924021271780946,0.49881117777317063,0.952,0.2954438703616712,0.8839746900826446,0.018329938900203666,0.7652426339097369,0.6111111111111112,0.47135325131810174,94000.0,3655048.0,15.0,0.9975008329787978,0.0024991670212021395,141110.06666666665,337.1844486048413,213821.8666666667,19167.386459693407,151.53333333333333,13.968672432404217,76.26666666666667,6.9843362162021085,76.26666666666667,6.9843362162021085,15.866666666666665,1.1872336794093274,0.0,0.0,0.0,0.0,1.0,0.0
95000.0,9.53125,4.566988047574544E-6,95000.0,0.8777655456514791,0.5289774993311367,0.948,0.4114051569963542,0.924021271780946,0.029866117404737384,0.8118585561161697,0.6896551724137931,0.4231667445119099,95000.0,3721160.0,15.0,0.9849848736902145,0.015015126309785494,142907.19999999998,328.8949463191654,218189.8666666667,19844.88245607008,155.0,14.755144381343268,78.0,7.377572190671634,78.0,7.377572190671634,15.866666666666665,1.1872336794093274,0.0,0.0,0.0,0.0,1.0,0.0
96000.0,9.703125,4.736249328642671E-6,96000.0,0.9185821280991735,0.547257339216846,0.951,0.4500314267756134,0.8777655456514791,0.03305785123966942,0.8122814391352522,0.6875,0.4527687296416931,96000.0,3806688.0,15.0,0.9999966298263682,3.370173631763491E-6,144639.7333333333,319.50686705490824,223842.66666666666,20048.945745944086,158.99999999999997,14.501231474799452,79.99999999999999,7.250615737399726,79.99999999999999,7.250615737399726,15.866666666666665,1.1872336794093274,0.0,0.0,0.0,0.0,1.0,0.0
97000.0,9.90625,4.940462790222633E-6,97000.0,0.8308440823715773,0.3912387949776343,0.949,0.1944146079484422,0.9185821280991735,0.018329938900203666,0.6107767193913347,0.3888888888888889,0.42570234501973453,97000.0,3886184.0,15.0,0.9833171767229814,0.016682823277018616,146186.79999999996,332.97473091599545,229097.6,21479.22045938486,162.46666666666667,15.277746031713047,81.73333333333333,7.6388730158565235,81.73333333333333,7.6388730158565235,15.866666666666665,1.1872336794093274,0.0,0.0,0.0,0.0,1.0,0.0
98000.0,10.109375,5.147213297378687E-6,98000.0,0.9650660569105691,0.6193994811137125,0.95,0.34224373816038745,0.8308440823715773,0.016260162601626018,0.912314130752523,0.875,0.4322132097334873,98000.0,3934464.0,15.0,0.9995555718822315,4.444281177684032E-4,147753.6,323.94814399838947,232281.59999999998,21079.894648693105,166.33333333333334,14.883675941238762,83.66666666666667,7.441837970619381,83.66666666666667,7.441837970619381,15.93333333333333,1.2798809468443684,0.0,0.0,0.0,0.0,1.0,0.0
99000.0,10.296875,5.340668786731032E-6,99000.0,0.972056255170512,0.5875122270303448,0.96,0.27285948009452765,0.9650660569105691,0.011122345803842264,0.836698478634495,0.7272727272727273,0.5417197083670868,99000.0,3988248.0,15.0,0.9999999999294491,7.055079621910576E-11,149107.99999999997,335.4455459321507,235838.9333333333,20256.702282266506,167.8,14.809263510191375,84.4,7.4046317550956875,84.4,7.4046317550956875,15.93333333333333,1.2798809468443684,0.0,0.0,0.0,0.0,1.0,0.0
100000.0,10.46875,5.519325883748632E-6,100000.0,0.8871341640104318,0.5566376486614689,0.967,0.364259844339985,0.972056255170512,0.014198782961460446,0.8326327587384307,0.7142857142857143,0.6187175043327554,100000.0,4018000.0,15.0,0.9999999950191611,4.980838858527429E-9,150614.33333333334,351.97294268302227,237807.46666666667,19874.38022705422,169.13333333333333,15.165122893697642,85.06666666666666,7.582561446848821,85.06666666666666,7.582561446848821,15.93333333333333,1.2798809468443684,0.0,0.0,0.0,0.0,1.0,0.0
101000.0,10.65625,5.715941272986433E-6,101000.0,0.9270623742454729,0.5247620387191032,0.977,0.19927586687091095,0.8871341640104318,0.006036217303822937,0.6999568828341941,0.5,0.7317861678789974,101000.0,4053392.0,15.0,0.9989224736335693,0.0010775263664305845,151879.06666666665,352.8792724890222,240142.4,19929.8718395994,171.53333333333333,16.343922709184888,86.26666666666667,8.171961354592444,86.26666666666667,8.171961354592444,15.93333333333333,1.2798809468443684,0.0,0.0,0.0,0.0,1.0,0.0
102000.0,10.84375,5.915859752955537E-6,102000.0,0.8685617597292724,0.3772270013222739,0.957,0.2007434944237905,0.9270623742454729,0.015228426395939087,0.6214441997484692,0.4,0.49446749654218475,102000.0,4121488.0,15.0,0.9998688430330201,1.3115696697981347E-4,153429.80000000002,355.4160941769469,244641.06666666668,20607.234428252432,175.40000000000003,15.27275819415546,88.20000000000002,7.63637909707773,88.20000000000002,7.63637909707773,15.93333333333333,1.2798809468443684,0.0,0.0,0.0,0.0,1.0,0.0
103000.0,11.03125,6.118235760368408E-6,103000.0,0.8890452261306533,0.4488994882671647,0.965,0.0946714950853594,0.8685617597292724,0.005025125628140704,0.622202280927963,0.4,0.5847252620665816,103000.0,4172152.0,15.0,0.9999999999999994,8.012250152537056E-26,154653.2,359.58690584772575,247989.86666666667,20344.241213483016,177.26666666666665,15.544712774383939,89.13333333333333,7.772356387191969,89.13333333333333,7.772356387191969,15.93333333333333,1.2798809468443684,0.0,0.0,0.0,0.0,1.0,0.0
104000.0,11.21875,6.322260208738348E-6,104000.0,0.9731979695431472,0.587746359232531,0.965,0.32510605476282406,0.8890452261306533,0.015228426395939087,0.7631087900035686,0.6,0.5814167433302666,104000.0,4206136.0,15.0,0.9999997643856275,2.3561437244022945E-7,156185.33333333337,373.5018964699568,250237.86666666667,21164.58809921714,178.20000000000002,15.057983169829122,89.60000000000001,7.528991584914561,89.60000000000001,7.528991584914561,15.93333333333333,1.2798809468443684,0.0,0.0,0.0,0.0,1.0,0.0
105000.0,11.421875,6.545086378335126E-6,105000.0,0.8263258212804127,0.35102877219314244,0.963,0.12711144663583918,0.9731979695431472,0.009081735620585268,0.5682483219496449,0.3333333333333333,0.5537047673750715,105000.0,4240384.0,15.0,0.9999999999999887,1.1236775564204011E-14,157517.73333333337,390.8036530511033,252500.26666666666,19769.445253676073,180.2,15.414279094398157,90.6,7.707139547199079,90.6,7.707139547199079,15.93333333333333,1.2798809468443684,0.0,0.0,0.0,0.0,1.0,0.0
106000.0,11.625,6.769747544442201E-6,106000.0,0.8203030303030303,0.4532557094002481,0.959,0.18294141092068483,0.8263258212804127,0.010101010101010102,0.6941312425025845,0.5,0.5013195639701656,106000.0,4275304.0,15.0,0.9468540447097715,0.05314595529022845,158922.3333333333,382.9014544364257,254809.06666666665,20185.54727474468,181.79999999999998,15.780639132448705,91.39999999999999,7.890319566224353,91.39999999999999,7.890319566224353,16.066666666666666,1.2798809468443688,0.0,0.0,0.0,0.0,1.0,0.0
107000.0,11.84375,7.015033722079049E-6,107000.0,0.8268864222446463,0.3165793324684863,0.964,0.13056078829155232,0.8203030303030303,0.009081735620585268,0.5685442075838321,0.3333333333333333,0.5584594222833557,107000.0,4334384.0,15.0,0.9999990617780979,9.382219020979091E-7,160224.1333333333,379.5958126117655,258716.80000000002,21017.96560496349,183.93333333333337,16.40325171015389,92.46666666666668,8.201625855076944,92.46666666666668,8.201625855076944,16.066666666666666,1.2798809468443688,0.0,0.0,0.0,0.0,1.0,0.0
108000.0,12.03125,7.226022523051749E-6,108000.0,0.9640683859750797,0.5570927916343952,0.969,0.35443565181174536,0.8268864222446463,0.014198782961460446,0.7911419181333045,0.6428571428571429,0.6168459601739527,108000.0,4349712.0,15.0,0.9996597093350433,3.402906649567123E-4,161673.80000000002,389.2447265446941,259724.80000000002,21980.03307939796,186.0666666666667,16.31592853041235,93.53333333333335,8.157964265206175,93.53333333333335,8.157964265206175,16.133333333333333,1.4074631010979934,0.0,0.0,0.0,0.0,1.0,0.0
109000.0,12.21875,7.4393893009983E-6,109000.0,0.8662626262626263,0.4508991810469432,0.97,0.198717948717951,0.9640683859750797,0.010101010101010102,0.6247423711443224,0.4,0.6262002743484223,109000.0,4398736.0,15.0,0.9957608841724768,0.00423911582752315,162993.00000000003,402.64411794323,262963.7333333333,22653.27382037644,188.6,15.86010268386864,94.8,7.93005134193432,94.8,7.93005134193432,16.26666666666667,1.4864467059144135,0.0,0.0,0.0,0.0,1.0,0.0
110000.0,12.4375,7.690931249979056E-6,110000.0,0.9681199596774194,0.6507904742465528,0.975,0.3157433763958831,0.8662626262626263,0.008064516129032258,0.8559269169133392,0.75,0.6859296482412057,110000.0,4444928.0,15.0,0.9999998283846265,1.7161537330513334E-7,164308.8,402.3181399269583,266015.4666666666,22082.445509844205,190.73333333333335,16.01546871294244,95.86666666666667,8.00773435647122,95.86666666666667,8.00773435647122,16.533333333333335,1.3557637102737479,0.0,0.0,0.0,0.0,1.0,0.0
111000.0,12.640625,7.926308123084407E-6,111000.0,0.9617321248741189,0.5551198499314277,0.968,0.1906520309575606,0.9681199596774194,0.007049345417925478,0.7448089185375497,0.5714285714285714,0.5946593632317696,111000.0,4479224.0,15.0,0.9947101315823867,0.0052898684176132475,165658.26666666663,408.1689892795963,268279.4666666667,21444.181568057324,192.86666666666667,15.202756642260951,96.93333333333334,7.6013783211304755,96.93333333333334,7.6013783211304755,16.533333333333335,1.3557637102737479,0.0,0.0,0.0,0.0,1.0,0.0
112000.0,12.859375,8.18326150894993E-6,112000.0,0.861336032388664,0.3198401772553969,0.957,0.1733312826822501,0.9617321248741189,0.012145748987854251,0.6336280300238057,0.4166666666666667,0.4511680911680905,112000.0,4540552.0,15.0,0.9999999990172586,9.827413229599797E-10,167130.46666666667,428.61852280931276,272337.60000000003,20457.41549379379,194.6,14.583748293416008,97.8,7.291874146708004,97.8,7.291874146708004,16.533333333333335,1.3557637102737479,0.0,0.0,0.0,0.0,1.0,0.0
113000.0,13.078125,8.44318613720437E-6,113000.0,0.9137788399669087,0.4390753195152068,0.969,0.1923718215923312,0.861336032388664,0.011122345803842264,0.5956609968462714,0.36363636363636365,0.6012975187798769,113000.0,4593056.0,15.0,0.9343850020041948,0.06561499799580528,168566.59999999998,417.9926178432313,275804.80000000005,19998.30228222957,197.8,15.265273382044994,99.4,7.632636691022497,99.4,7.632636691022497,16.533333333333335,1.3557637102737479,0.0,0.0,0.0,0.0,1.0,0.0
114000.0,13.296875,8.706742535448738E-6,114000.0,0.8505050505050505,0.38154197588900884,0.966,0.21514312096029523,0.9137788399669087,0.010101010101010102,0.6966731912120169,0.5,0.5593451568894947,114000.0,4657232.0,15.0,0.9999931440386551,6.85596134488925E-6,169949.8,400.7666225052789,280045.8666666667,20871.408077171247,200.73333333333332,14.810549650582892,100.86666666666666,7.405274825291446,100.86666666666666,7.405274825291446,16.533333333333335,1.3557637102737479,0.0,0.0,0.0,0.0,1.0,0.0
115000.0,13.5,8.954051720340634E-6,115000.0,0.9064646464646464,0.3886883119559343,0.972,0.25213675213675424,0.8505050505050505,0.010101010101010102,0.6988446453853949,0.5,0.6343402225755164,115000.0,4706296.0,15.0,0.9999840731512084,1.592684879159575E-5,171368.6,399.606199008105,283289.6,20658.371491618458,203.0,15.436505896274399,102.0,7.7182529481371995,102.0,7.7182529481371995,16.533333333333335,1.3557637102737479,0.0,0.0,0.0,0.0,1.0,0.0
116000.0,13.71875,9.222449120392817E-6,116000.0,0.8426262626262626,0.4513799511899984,0.969,0.23229321446260404,0.9064646464646464,0.010101010101010102,0.6977597630049234,0.5,0.5921052631578941,116000.0,4742776.0,15.0,0.9998604393622866,1.3956063771334797E-4,172763.2,397.36456812352753,285696.00000000006,20434.43815858764,205.93333333333334,14.713777152561404,103.46666666666667,7.356888576280702,103.46666666666667,7.356888576280702,16.6,1.3522468075656267,0.0,0.0,0.0,0.0,1.0,0.0
117000.0,13.9375,9.493498138100324E-6,117000.0,0.964906379638973,0.597043690298072,0.96,0.24797894341041582,0.8426262626262626,0.009081735620585268,0.8648432265333106,0.7777777777777778,0.46968838526912104,117000.0,4789632.0,15.0,0.998802635880339,0.0011973641196609736,174088.86666666667,394.2631221960925,288795.19999999995,19322.95885062268,207.5333333333333,14.802831132043949,104.26666666666665,7.401415566021974,104.26666666666665,7.401415566021974,16.6,1.3522468075656267,0.0,0.0,0.0,0.0,1.0,0.0
118000.0,14.125,9.727925223867514E-6,118000.0,0.9907780013413816,0.6835970369806178,0.981,0.33853223784988296,0.964906379638973,0.006036217303822937,0.9045677365868053,0.8333333333333334,0.7461216170309136,118000.0,4832912.0,15.0,0.9665913837153807,0.03340861628461937,175378.19999999998,390.6383420578672,291657.6,19837.772040802796,208.7333333333333,15.002222057637558,104.86666666666665,7.501111028818779,104.86666666666665,7.501111028818779,16.6,1.3522468075656267,0.0,0.0,0.0,0.0,1.0,0.0
119000.0,14.328125,9.983674131540789E-6,119000.0,0.9604020100502513,0.40274551143883086,0.969,0.10662824207492881,0.9907780013413816,0.005025125628140704,0.6234931584171272,0.4,0.5825033952014484,119000.0,4866904.0,15.0,0.9986692775659954,0.0013307224340045605,176611.19999999998,370.4867840326526,293904.53333333327,20130.180319491385,210.33333333333334,15.448840301675286,105.66666666666667,7.724420150837643,105.66666666666667,7.724420150837643,16.6,1.3522468075656267,0.0,0.0,0.0,0.0,1.0,0.0
120000.0,14.5625,1.0281754592950974E-5,120000.0,0.9271991911021233,0.47575473142323327,0.967,0.21978437677321663,0.9604020100502513,0.011122345803842264,0.6649332490980157,0.45454545454545453,0.5523906408952186,120000.0,4916144.0,15.0,0.999993144011193,6.855988806918736E-6,178044.40000000002,373.41126312494436,297154.6666666666,20683.7997430241,213.66666666666669,15.393257645877982,107.33333333333334,7.696628822938991,107.33333333333334,7.696628822938991,16.666666666666664,1.3451854182690983,0.0,0.0,0.0,0.0,1.0,0.0
121000.0,14.796875,1.0583393967762176E-5,121000.0,0.8245655054165693,0.3324909804993028,0.969,0.14778975148449627,0.9271991911021233,0.013171225937183385,0.47524651196599316,0.23076923076923078,0.576636568848758,121000.0,4974840.0,15.0,0.999030087261677,9.699127383230829E-4,179526.4,381.3638682413456,301036.26666666666,20581.888041488834,216.2,15.246545276131993,108.6,7.6232726380659965,108.6,7.6232726380659965,16.666666666666664,1.3451854182690983,0.0,0.0,0.0,0.0,1.0,0.0
122000.0,15.0,1.0847091584259438E-5,122000.0,0.8430150753768845,0.36120838749273254,0.962,0.041614123581334955,0.8245655054165693,0.005025125628140704,0.4395063471051683,0.2,0.4770445572476027,122000.0,5018168.0,15.0,0.9999373421251783,6.265787482178853E-5,180770.80000000002,381.3719968744361,303900.26666666666,19826.958125119396,218.06666666666663,15.359811506779947,109.53333333333332,7.679905753389973,109.53333333333332,7.679905753389973,16.666666666666664,1.3451854182690983,0.0,0.0,0.0,0.0,1.0,0.0
123000.0,15.203125,1.1112350524247934E-5,123000.0,0.9275453629032258,0.6269000704515703,0.968,0.22809725974527023,0.8430150753768845,0.008064516129032258,0.7789280009379309,0.625,0.5564070776513015,123000.0,5047880.0,15.0,0.9833228183003332,0.01667718169966658,182114.46666666665,385.6261821777124,305864.0,20488.73965307355,219.4,15.178932768808222,110.2,7.589466384404111,110.2,7.589466384404111,16.666666666666664,1.3451854182690983,0.0,0.0,0.0,0.0,1.0,0.0
124000.0,15.4375,1.1419580259826034E-5,124000.0,0.9783838383838384,0.6716394111568545,0.968,0.32260795935647624,0.9275453629032258,0.010101010101010102,0.8807710121010885,0.8,0.5533040639423611,124000.0,5067040.0,15.0,0.9804415008232215,0.019558499176778533,183504.53333333333,370.62704909897053,307128.00000000006,21117.688834583336,220.86666666666667,15.555736960393496,110.93333333333334,7.777868480196748,110.93333333333334,7.777868480196748,16.666666666666664,1.3451854182690983,0.0,0.0,0.0,0.0,1.0,0.0
125000.0,15.703125,1.1771746374304509E-5,125000.0,0.9020917338709677,0.4097830128868439,0.962,0.12490788504053241,0.9783838383838384,0.008064516129032258,0.6021006573762424,0.375,0.4657518839275665,125000.0,5124848.0,15.0,0.9999999999338066,6.619334035464514E-11,184867.5333333333,384.6081246201305,310949.8666666667,21004.263070239085,222.7333333333333,15.799939722609556,111.86666666666665,7.899969861304778,111.86666666666665,7.899969861304778,16.666666666666664,1.3451854182690983,0.0,0.0,0.0,0.0,1.0,0.0
126000.0,15.9375,1.2085305707943107E-5,126000.0,0.907436345252321,0.4254490735326686,0.956,0.1706563124363873,0.9020917338709677,0.011122345803842264,0.6611207257581814,0.45454545454545453,0.37721860256122147,126000.0,5171432.0,15.0,0.9651321559899997,0.03486784401000002,186311.00000000003,390.94372996634223,314029.3333333334,21364.87706048232,225.00000000000003,15.946338585572368,113.00000000000001,7.973169292786184,113.00000000000001,7.973169292786184,16.666666666666664,1.3451854182690983,0.0,0.0,0.0,0.0,1.0,0.0
127000.0,16.1875,1.2422251489220393E-5,127000.0,0.8464013236510709,0.43406463888801405,0.961,0.15599030470914305,0.907436345252321,0.011122345803842264,0.5931867971724735,0.36363636363636365,0.44429485021878135,127000.0,5209816.0,15.0,0.9999999998178722,1.821276449472509E-10,187723.93333333335,396.46571940921615,316569.60000000003,21760.908006265337,226.2,16.29723902997069,113.6,8.148619514985345,113.6,8.148619514985345,16.73333333333333,1.4375905768565214,0.0,0.0,0.0,0.0,1.0,0.0
128000.0,16.4375,1.2760995240468117E-5,128000.0,0.8771945950914606,0.49069449195999737,0.962,0.2267306987912576,0.8464013236510709,0.011122345803842264,0.7261228155278391,0.5454545454545454,0.45495293590318236,128000.0,5237616.0,15.0,0.999999998908054,1.0919458736894968E-9,189098.0,388.5833243977485,318408.5333333333,21732.17874116848,227.40000000000003,16.461209814938528,114.20000000000002,8.230604907469264,114.20000000000002,8.230604907469264,16.73333333333333,1.4375905768565214,0.0,0.0,0.0,0.0,1.0,0.0
129000.0,16.6875,1.3101118901330563E-5,129000.0,0.916076845298281,0.4376171508533432,0.975,0.3137147249368614,0.8771945950914606,0.011122345803842264,0.7310431723666927,0.5454545454545454,0.6390598768886399,129000.0,5258952.0,15.0,0.9863297518962778,0.013670248103722223,190504.6,394.6850100306048,319819.73333333334,21771.85199638241,228.6,17.10805992173614,114.8,8.55402996086807,114.8,8.55402996086807,16.73333333333333,1.4375905768565214,0.0,0.0,0.0,0.0,1.0,0.0
130000.0,16.9375,1.3441949849948285E-5,130000.0,0.9792929292929293,0.5987156640081537,0.977,0.36917169500822844,0.916076845298281,0.010101010101010102,0.8281657961172907,0.7,0.6657350475125767,130000.0,5269888.0,15.0,0.9979724439703871,0.002027556029612922,191886.8,402.2836952059749,320538.13333333336,22618.8608967531,230.46666666666664,17.654892752300658,115.73333333333332,8.827446376150329,115.73333333333332,8.827446376150329,16.866666666666667,1.3557637102737476,0.0,0.0,0.0,0.0,1.0,0.0
131000.0,17.203125,1.3808053497794186E-5,131000.0,0.8775406504065041,0.43309325950986777,0.957,0.3007675295954214,0.9792929292929293,0.016260162601626018,0.7755636555047157,0.625,0.371387121972993,131000.0,5327672.0,15.0,0.9999993923556367,6.076443631546535E-7,193502.86666666664,401.5613930409128,324358.4000000001,23424.086689925443,233.13333333333335,18.43082304443396,117.06666666666668,9.21541152221698,117.06666666666668,9.21541152221698,16.866666666666667,1.3557637102737476,0.0,0.0,0.0,0.0,1.0,0.0
132000.0,17.515625,1.4242368666196448E-5,132000.0,0.9763636363636363,0.6212225007388297,0.967,0.25507900677201034,0.8775406504065041,0.010101010101010102,0.763167244071863,0.6,0.5144354029651093,132000.0,5372264.0,15.0,0.9521696347253996,0.04783036527460034,194867.26666666666,419.3042650232244,327305.06666666665,23540.353266758968,235.13333333333335,17.83202042341114,118.06666666666668,8.91601021170557,118.06666666666668,8.91601021170557,16.866666666666667,1.3557637102737476,0.0,0.0,0.0,0.0,1.0,0.0
133000.0,17.8125,1.4656943417826873E-5,133000.0,0.7902460077686664,0.3257224003831366,0.966,0.09492626311025819,0.9763636363636363,0.007049345417925478,0.5266594369861203,0.2857142857142857,0.49632434840721756,133000.0,5397984.0,15.0,0.9999999999999994,4.221659262573069E-17,196093.2666666667,421.03587676563257,329004.8000000001,24106.777858993442,236.73333333333332,18.218776290514402,118.86666666666666,9.109388145257201,118.86666666666666,9.109388145257201,16.866666666666667,1.3557637102737476,0.0,0.0,0.0,0.0,1.0,0.0
134000.0,18.0625,1.500947539979178E-5,134000.0,0.9564973651754681,0.48983301329083806,0.959,0.15078707539353675,0.7902460077686664,0.009081735620585268,0.6544456712932825,0.4444444444444444,0.38867252698342036,134000.0,5450808.0,15.0,0.9999012203198723,9.877968012764203E-5,197442.93333333332,421.8263804435372,332495.4666666667,22997.47891110385,239.1333333333333,18.03911094842326,120.06666666666665,9.01955547421163,120.06666666666665,9.01955547421163,16.866666666666667,1.3557637102737476,0.0,0.0,0.0,0.0,1.0,0.0
135000.0,18.3125,1.5363990064037757E-5,135000.0,0.8928211768090922,0.3641380345191225,0.973,0.1726927319524444,0.9564973651754681,0.007049345417925478,0.647027665026351,0.42857142857142855,0.5947298198799198,135000.0,5481464.0,15.0,0.996184624130326,0.003815375869673817,198753.4,432.4251875841037,334523.73333333334,23895.18633971126,240.33333333333331,18.24698279037883,120.66666666666666,9.123491395189415,120.66666666666666,9.123491395189415,16.93333333333333,1.3345232785352152,0.0,0.0,0.0,0.0,1.0,0.0
136000.0,18.609375,1.5787459690020315E-5,136000.0,0.9015502752825268,0.49843284023523593,0.96,0.27039252881949427,0.8928211768090922,0.014198782961460446,0.7427813527082074,0.5714285714285714,0.39609236234458206,136000.0,5513800.0,15.0,0.9612579510999997,0.03874204890000001,200168.73333333334,440.88376613127105,336662.9333333333,24281.247295176665,241.5333333333333,18.337575266830314,121.26666666666665,9.168787633415157,121.26666666666665,9.168787633415157,16.93333333333333,1.3345232785352152,0.0,0.0,0.0,0.0,1.0,0.0
137000.0,18.859375,1.6146455050653054E-5,137000.0,0.852462311557789,0.4003002702456656,0.973,0.12166558230319012,0.9015502752825268,0.005025125628140704,0.6247813687954931,0.4,0.5895928103849993,137000.0,5550744.0,15.0,0.9999999998360937,1.63906221611967E-10,201404.46666666667,425.96342342416983,339103.4666666666,25209.3819209852,243.39999999999998,18.946541335331588,122.19999999999999,9.473270667665794,122.19999999999999,9.473270667665794,16.999999999999996,1.3627702877384937,0.0,0.0,0.0,0.0,1.0,0.0
138000.0,19.125,1.6531138777888068E-5,138000.0,0.849974593495935,0.3602597359285498,0.955,0.2190753852561427,0.852462311557789,0.016260162601626018,0.6492256175159945,0.4375,0.3122161922693533,138000.0,5598056.0,15.0,0.9992144531604107,7.855468395892986E-4,202961.3333333333,417.9310720111461,342232.5333333333,24771.12059829426,245.66666666666666,19.400540002302833,123.33333333333333,9.700270001151416,123.33333333333333,9.700270001151416,16.999999999999996,1.3627702877384937,0.0,0.0,0.0,0.0,1.0,0.0
139000.0,19.359375,1.6872660101701815E-5,139000.0,0.9428236083165661,0.49563031666694396,0.966,0.14124065467771346,0.849974593495935,0.006036217303822937,0.6959931311671048,0.5,0.476923076923076,139000.0,5632600.0,15.0,0.9999492471213942,5.075287860572992E-5,204253.6,416.0358501035946,344518.93333333335,25582.964665313255,246.33333333333334,19.678366172985378,123.66666666666667,9.839183086492689,123.66666666666667,9.839183086492689,16.999999999999996,1.3627702877384937,0.0,0.0,0.0,0.0,1.0,0.0
140000.0,19.640625,1.7284937979032596E-5,140000.0,0.9585439838220424,0.6134425496873944,0.968,0.3218327470012279,0.9428236083165661,0.011122345803842264,0.8402066637426722,0.7272727272727273,0.5047534822020779,140000.0,5666304.0,15.0,0.999999999992925,7.074946369741253E-12,205649.06666666665,410.2703754262292,346744.00000000006,26476.411323505086,248.33333333333334,19.79417903853362,124.66666666666667,9.89708951926681,124.66666666666667,9.89708951926681,16.999999999999996,1.3627702877384937,0.0,0.0,0.0,0.0,1.0,0.0
141000.0,19.90625,1.7676340066827835E-5,141000.0,0.9187247983870968,0.5327221285716368,0.968,0.14712153518123586,0.9585439838220424,0.008064516129032258,0.60398124703851,0.375,0.5016567263088136,141000.0,5695824.0,15.0,0.9999938181658644,6.1818341355849284E-6,207007.06666666668,401.32556549988146,348690.6666666667,25868.844522946525,250.73333333333332,19.96950055411884,125.86666666666666,9.98475027705942,125.86666666666666,9.98475027705942,16.999999999999996,1.3627702877384937,0.0,0.0,0.0,0.0,1.0,0.0
142000.0,20.15625,1.8046962989804648E-5,142000.0,0.8847038917089679,0.4935196256974927,0.961,0.30032292787943976,0.9187247983870968,0.015228426395939087,0.7615106546578061,0.6,0.38934832947403203,142000.0,5730528.0,15.0,0.9999869508132764,1.3049186723550785E-5,208552.6,418.0678003796574,350985.6,26541.25572656383,252.2,18.95558718991015,126.6,9.477793594955076,126.6,9.477793594955076,16.999999999999996,1.3627702877384937,0.0,0.0,0.0,0.0,1.0,0.0
143000.0,20.4375,1.8466949889746808E-5,143000.0,0.8891746551321019,0.54162995751219,0.964,0.29392382222570806,0.8847038917089679,0.013171225937183385,0.7720469065048184,0.6153846153846154,0.43316450121118677,143000.0,5772256.0,15.0,0.9220706015592822,0.0779293984407177,210059.80000000002,411.9332816991473,353745.6,25245.275645157843,253.66666666666669,18.847761013926696,127.33333333333334,9.423880506963348,127.33333333333334,9.423880506963348,16.999999999999996,1.3627702877384937,0.0,0.0,0.0,0.0,1.0,0.0
144000.0,20.71875,1.888822783560803E-5,144000.0,0.8460764587525151,0.5903777378140782,0.968,0.23017705927636667,0.8891746551321019,0.006036217303822937,0.8985232686949837,0.8333333333333334,0.49295774647887286,144000.0,5790000.0,15.0,0.9999999998524959,1.4750417802530948E-10,211250.0,410.1471861243401,354919.4666666667,25678.750564472186,254.33333333333334,18.96864580853161,127.66666666666667,9.484322904265804,127.66666666666667,9.484322904265804,16.999999999999996,1.3627702877384937,0.0,0.0,0.0,0.0,1.0,0.0
145000.0,20.984375,1.9288834753549763E-5,145000.0,0.8359681578652315,0.42679507669711136,0.98,0.2768819148166879,0.8460764587525151,0.009081735620585268,0.661602020004202,0.4444444444444444,0.6812135868967789,145000.0,5829776.0,15.0,0.9999999965204022,3.47959772808529E-9,212592.59999999995,388.10966785912495,357548.8,25912.18061949134,256.2,18.72813010267862,128.6,9.36406505133931,128.6,9.36406505133931,17.066666666666666,1.2798809468443688,0.0,0.0,0.0,0.0,1.0,0.0
146000.0,21.25,1.9692353639079053E-5,146000.0,0.9065884746574113,0.37849677353275085,0.966,0.2757636433348937,0.8359681578652315,0.017293997965412006,0.6338071059474785,0.4117647058823529,0.4553434276936572,146000.0,5872152.0,15.0,0.9996920311888406,3.0796881115927965E-4,214150.5333333333,368.6292885555329,360352.00000000006,26341.439813126595,257.93333333333334,18.86594311249267,129.46666666666667,9.432971556246335,129.46666666666667,9.432971556246335,17.066666666666666,1.2798809468443688,0.0,0.0,0.0,0.0,1.0,0.0
147000.0,21.515625,2.0098792738281194E-5,147000.0,0.9202132548947514,0.5252444273941107,0.976,0.3583917018660111,0.9065884746574113,0.011122345803842264,0.7896168732416697,0.6363636363636364,0.6133698630136982,147000.0,5914648.0,15.0,0.99902609576422,9.739042357799534E-4,215600.99999999997,368.7918499254432,363161.5999999999,26250.758456525746,260.06666666666666,19.432912680246755,130.53333333333333,9.716456340123377,130.53333333333333,9.716456340123377,17.066666666666666,1.2798809468443688,0.0,0.0,0.0,0.0,1.0,0.0
148000.0,21.796875,2.053139556664974E-5,148000.0,0.9352783366867874,0.3550235925036681,0.968,0.10213243546577093,0.9202132548947514,0.006036217303822937,0.5691604887655423,0.3333333333333333,0.48132734640236524,148000.0,5945648.0,15.0,0.999999998502115,1.49788495183246E-9,216877.0,374.7608761406598,365211.73333333334,27070.91265406118,261.26666666666665,19.782628261997473,131.13333333333333,9.891314130998737,131.13333333333333,9.891314130998737,17.066666666666666,1.2798809468443688,0.0,0.0,0.0,0.0,1.0,0.0
149000.0,22.0625,2.0942214986361152E-5,149000.0,0.9664760623388272,0.5862090224938977,0.96,0.24797894341041582,0.9352783366867874,0.009081735620585268,0.8648432265333106,0.7777777777777778,0.3479212253829319,149000.0,5978392.0,15.0,0.9999999999778604,2.2139599322117312E-11,218279.66666666666,389.64648202233104,367371.2,26523.749926649296,263.93333333333334,19.869095409226674,132.46666666666667,9.934547704613337,132.46666666666667,9.934547704613337,17.066666666666666,1.2798809468443688,0.0,0.0,0.0,0.0,1.0,0.0
150000.0,22.3125,2.1332970516393997E-5,150000.0,0.8491933598316577,0.36592103411020965,0.958,0.20655911134620455,0.9664760623388272,0.013171225937183385,0.6672119973645323,0.46153846153846156,0.31170108161258503,150000.0,6041816.0,15.0,0.9963444587187995,0.003655541281200527,219827.2,377.3920280784176,371564.8,26572.328085542576,266.4666666666667,18.70777785791119,133.73333333333335,9.353888928955595,133.73333333333335,9.353888928955595,17.066666666666666,1.2798809468443688,0.0,0.0,0.0,0.0,1.0,0.0
151000.0,22.59375,2.177579402794234E-5,151000.0,0.8484235683426785,0.5208903766489101,0.958,0.20835375278018786,0.8491933598316577,0.011122345803842264,0.724602137805264,0.5454545454545454,0.307944129201222,151000.0,6086120.0,15.0,0.9996325889908277,3.674110091723535E-4,221259.46666666665,363.33787240503653,374494.39999999997,26325.590582983263,268.46666666666664,19.070795423768722,134.73333333333332,9.535397711884361,134.73333333333332,9.535397711884361,17.066666666666666,1.2798809468443688,0.0,0.0,0.0,0.0,1.0,0.0
152000.0,22.859375,2.2196416393853726E-5,152000.0,0.9015877016129032,0.40166194018995277,0.967,0.18462146669302065,0.8484235683426785,0.008064516129032258,0.6966943838700934,0.5,0.4531181857828165,152000.0,6121048.0,15.0,0.8999999999999995,0.09999999999999999,222540.26666666666,362.43609617354974,376803.73333333334,26385.692550175387,269.8,19.105720908371175,135.4,9.552860454185588,135.4,9.552860454185588,17.066666666666666,1.2798809468443688,0.0,0.0,0.0,0.0,1.0,0.0
153000.0,23.140625,2.264331444166601E-5,153000.0,0.8550907258064516,0.2958215742110982,0.965,0.13520458588653705,0.9015877016129032,0.008064516129032258,0.6030416852868037,0.375,0.4166666666666667,153000.0,6142120.0,15.0,0.9999700292681928,2.997073180721199E-5,223929.2,360.2632370919881,378194.6666666667,26843.781495020055,271.6666666666667,19.474036439272037,136.33333333333334,9.737018219636019,136.33333333333334,9.737018219636019,17.066666666666666,1.2798809468443688,0.0,0.0,0.0,0.0,1.0,0.0
154000.0,23.421875,2.3093118797987703E-5,154000.0,0.9543850806451613,0.5674431168577683,0.966,0.21702284450995005,0.8550907258064516,0.008064516129032258,0.7781187248742958,0.625,0.43012625163256346,154000.0,6182064.0,15.0,0.9343899891359508,0.0656100108640491,225311.73333333334,381.8186680062802,380833.06666666665,27598.677710216132,273.53333333333336,19.175381041722172,137.26666666666668,9.587690520861086,137.26666666666668,9.587690520861086,17.066666666666666,1.2798809468443688,0.0,0.0,0.0,0.0,1.0,0.0
155000.0,23.703125,2.3544165887869898E-5,155000.0,0.9357813547954393,0.47941723197212427,0.966,0.14124065467771346,0.9543850806451613,0.006036217303822937,0.6959931311671048,0.5,0.4268000870132686,155000.0,6199144.0,15.0,0.9974968091609232,0.0025031908390767384,226555.8,372.5725624435062,381960.00000000006,27440.43664792109,274.8666666666667,18.82956135846985,137.93333333333334,9.414780679234925,137.93333333333334,9.414780679234925,17.066666666666666,1.2798809468443688,0.0,0.0,0.0,0.0,1.0,0.0
156000.0,23.984375,2.3997527314350013E-5,156000.0,0.889052302601342,0.5975090400576714,0.963,0.26177174780526746,0.9357813547954393,0.011122345803842264,0.7843022804389617,0.6363636363636364,0.3729494839760998,156000.0,6230952.0,15.0,0.9999781524793961,2.1847520603784436E-5,227946.6,378.89987369450824,384060.26666666666,26753.851758649813,277.0,19.25765154054728,139.0,9.62882577027364,139.0,9.62882577027364,17.066666666666666,1.2798809468443688,0.0,0.0,0.0,0.0,1.0,0.0
157000.0,24.28125,2.4478893804674352E-5,157000.0,0.9816767068273092,0.6276178245591932,0.968,0.15182357930449422,0.889052302601342,0.004016064257028112,0.8524415677957193,0.75,0.4544467368878269,157000.0,6267648.0,15.0,0.9999999999216101,7.838981999319798E-11,229143.86666666667,370.36311654271776,386485.3333333333,27012.594678003363,278.33333333333337,19.474036439272037,139.66666666666669,9.737018219636019,139.66666666666669,9.737018219636019,17.066666666666666,1.2798809468443688,0.0,0.0,0.0,0.0,1.0,0.0
158000.0,24.546875,2.491148398904544E-5,158000.0,0.9047715736040609,0.30462483248376454,0.966,0.13375796178343888,0.9816767068273092,0.015228426395939087,0.4421911294043085,0.2,0.4176062445793573,158000.0,6295208.0,15.0,0.9185361602313412,0.0814638397686589,230693.93333333338,365.8907851622676,388305.60000000003,26864.269921216914,280.46666666666675,20.063708055899856,140.73333333333338,10.031854027949928,140.73333333333338,10.031854027949928,17.066666666666666,1.2798809468443688,0.0,0.0,0.0,0.0,1.0,0.0
159000.0,24.828125,2.537377505278629E-5,159000.0,0.8975202429149798,0.6024335940141817,0.979,0.4230769230769241,0.9047715736040609,0.012145748987854251,0.8094415862256343,0.6666666666666666,0.6384798614118662,159000.0,6353680.0,15.0,0.9995361401965297,4.638598034700962E-4,232070.80000000002,364.3281880000884,392171.20000000007,26988.94432699646,282.7333333333334,20.933454655396073,141.8666666666667,10.466727327698036,141.8666666666667,10.466727327698036,17.066666666666666,1.2798809468443688,0.0,0.0,0.0,0.0,1.0,0.0
160000.0,25.125,2.58625986882382E-5,160000.0,0.9696446554452597,0.5783776933139568,0.968,0.1906520309575606,0.8975202429149798,0.007049345417925478,0.7448089185375497,0.5714285714285714,0.44606729416855984,160000.0,6364744.0,15.0,0.999999999999829,1.7098612463104498E-13,233301.13333333336,376.36112344141776,392895.46666666673,28424.419677118338,285.00000000000006,22.181073012818825,143.00000000000003,11.090536506409412,143.00000000000003,11.090536506409412,17.066666666666666,1.2798809468443688,0.0,0.0,0.0,0.0,1.0,0.0
161000.0,25.4375,2.6383135571248006E-5,161000.0,0.8120414328873543,0.34637434131820644,0.963,0.08696081334517995,0.9696446554452597,0.007049345417925478,0.5258393075962673,0.2857142857142857,0.3559999999999991,161000.0,6438784.0,15.0,0.9999998575119498,1.424880501055614E-7,234592.8,374.79255214434045,397796.79999999993,28976.726156397614,286.46666666666664,22.264214293238346,143.73333333333332,11.132107146619173,143.73333333333332,11.132107146619173,17.066666666666666,1.2798809468443688,0.0,0.0,0.0,0.0,1.0,0.0
162000.0,25.734375,2.6880034452511207E-5,162000.0,0.9451864919354839,0.6022084851393433,0.974,0.26867686768676863,0.8120414328873543,0.008064516129032258,0.7813507999488098,0.625,0.5450421257290989,162000.0,6469888.0,15.0,0.9999870992991874,1.2900700812699395E-5,235916.80000000002,369.4364820719683,399851.73333333334,29637.005573309543,287.9333333333334,22.34619388066748,144.4666666666667,11.17309694033374,144.4666666666667,11.17309694033374,17.066666666666666,1.2798809468443688,0.0,0.0,0.0,0.0,1.0,0.0
163000.0,26.046875,2.7406677319150834E-5,163000.0,0.9740423387096774,0.5682706015644832,0.964,0.20690870637997988,0.9451864919354839,0.008064516129032258,0.7773086062529082,0.625,0.36671703000215783,163000.0,6514312.0,15.0,0.934348890168314,0.06565110983168598,237309.26666666663,371.8606625887689,402788.8,29570.154497881325,289.53333333333336,22.73407344138078,145.26666666666668,11.36703672069039,145.26666666666668,11.36703672069039,17.066666666666666,1.2798809468443688,0.0,0.0,0.0,0.0,1.0,0.0
164000.0,26.328125,2.7882862551551727E-5,164000.0,0.9326633165829146,0.39269848180929057,0.971,0.05660377358490791,0.9740423387096774,0.005025125628140704,0.44155959322820665,0.2,0.487002480854276,164000.0,6544640.0,15.0,0.9999994076304257,5.923695742592738E-7,238545.06666666668,370.2525135762356,404794.13333333336,29461.877192318178,290.73333333333335,22.976592643901952,145.86666666666667,11.488296321950976,145.86666666666667,11.488296321950976,17.066666666666666,1.2798809468443688,0.0,0.0,0.0,0.0,1.0,0.0
165000.0,26.625,2.8389393604205302E-5,165000.0,0.8929292929292929,0.43642394734635465,0.975,0.23171481253841653,0.9326633165829146,0.010101010101010102,0.626357112455213,0.4,0.5555435836655531,165000.0,6595304.0,15.0,0.8999999812114299,0.10000001878856994,239947.13333333336,395.689970028239,408145.6000000001,31188.568484531075,292.7333333333333,23.541655077957543,146.86666666666665,11.770827538978772,146.86666666666665,11.770827538978772,17.066666666666666,1.2798809468443688,0.0,0.0,0.0,0.0,1.0,0.0
166000.0,26.921875,2.8896678543080474E-5,166000.0,0.8911111111111111,0.42386031412066594,0.971,0.24518479958354975,0.8929292929292929,0.010101010101010102,0.698483205151554,0.5,0.48186416962652,166000.0,6605120.0,15.0,0.9998544420462212,1.455579537788261E-4,241384.6,391.19008897757897,408787.2,30795.010178366792,295.4,24.5321945905492,148.2,12.2660972952746,148.2,12.2660972952746,17.133333333333333,1.245945806357946,0.0,0.0,0.0,0.0,1.0,0.0
167000.0,27.234375,2.943503279109589E-5,167000.0,0.9438917089678511,0.5718435351547313,0.965,0.32510605476282406,0.8911111111111111,0.015228426395939087,0.7631087900035686,0.6,0.3719105953148502,167000.0,6659176.0,15.0,0.9833228182219433,0.0166771817780566,242902.1333333333,391.39181440209353,412365.3333333333,32615.674502271082,296.46666666666664,23.75429785673883,148.73333333333332,11.877148928369415,148.73333333333332,11.877148928369415,17.133333333333333,1.245945806357946,0.0,0.0,0.0,0.0,1.0,0.0
168000.0,27.546875,2.9976801888551565E-5,168000.0,0.9477777777777778,0.5744018556375521,0.966,0.28027095681625597,0.9438917089678511,0.010101010101010102,0.8234566218574042,0.7,0.3868613138686122,168000.0,6701416.0,15.0,0.9947663117988951,0.0052336882011049,244305.33333333334,376.330528480837,415158.4,31057.09870728889,298.2,22.87606359744365,149.6,11.438031798721825,149.6,11.438031798721825,17.2,1.2071217242444345,0.0,0.0,0.0,0.0,1.0,0.0
169000.0,27.828125,3.0467009346466514E-5,169000.0,0.9021592442645074,0.4183027733005454,0.969,0.2308455736403329,0.9477777777777778,0.012145748987854251,0.6376089782749206,0.4166666666666667,0.4383576329331047,169000.0,6737360.0,15.0,0.9999962020065926,3.797993407341194E-6,245766.46666666667,385.01760009245277,417530.13333333336,30767.344538990554,301.1333333333334,23.802360827287295,151.0666666666667,11.901180413643647,151.0666666666667,11.901180413643647,17.2,1.2071217242444345,0.0,0.0,0.0,0.0,1.0,0.0
170000.0,28.15625,3.1044131416517E-5,170000.0,0.7888216167731809,0.36306554567647126,0.976,0.18979137127810441,0.9021592442645074,0.009081735620585268,0.5720828986428539,0.3333333333333333,0.5630288101103134,170000.0,6798776.0,15.0,0.9999999977140452,2.285954800005393E-9,247134.8,394.71711389297775,421593.6,31332.238615932223,302.99999999999994,23.4703460319004,151.99999999999997,11.7351730159502,151.99999999999997,11.7351730159502,17.2,1.2071217242444345,0.0,0.0,0.0,0.0,1.0,0.0
171000.0,28.46875,3.159637724618531E-5,171000.0,0.9498487903225806,0.48980532392502896,0.968,0.18962722852512018,0.7888216167731809,0.008064516129032258,0.6970560212595496,0.5,0.414446227929373,171000.0,6831008.0,15.0,0.9999998874031535,1.125968464254876E-7,248421.66666666663,397.0341235184969,423722.6666666666,31566.630578749428,305.0,23.164011495667772,153.0,11.582005747833886,153.0,11.582005747833886,17.2,1.2071217242444345,0.0,0.0,0.0,0.0,1.0,0.0
172000.0,28.78125,3.215173524545713E-5,172000.0,0.8757013379369875,0.3062195979738249,0.963,0.08696081334517995,0.9498487903225806,0.007049345417925478,0.5258393075962673,0.2857142857142857,0.3195038494439691,172000.0,6869504.0,15.0,0.9999999962415351,3.758464780936549E-9,249732.6,396.2021129243441,426265.60000000003,31165.356913452113,307.1333333333333,23.120388858156794,154.06666666666666,11.560194429078397,154.06666666666666,11.560194429078397,17.2,1.2071217242444345,0.0,0.0,0.0,0.0,1.0,0.0
173000.0,29.109375,3.273713066139156E-5,173000.0,0.9333670715249662,0.49779605856036474,0.971,0.24384647476011717,0.8757013379369875,0.012145748987854251,0.6382700556720574,0.4166666666666667,0.4642246903032883,173000.0,6896240.0,15.0,0.9990236438977819,9.76356102218034E-4,251143.6666666667,407.4691340925033,428028.8,31592.55186002821,309.53333333333336,21.81043874146593,155.26666666666668,10.905219370732965,155.26666666666668,10.905219370732965,17.2,1.2071217242444345,0.0,0.0,0.0,0.0,1.0,0.0
174000.0,29.40625,3.327190633475161E-5,174000.0,0.9820590207914152,0.5403792546256915,0.985,0.34198982277592294,0.9333670715249662,0.006036217303822937,0.8111397451220722,0.6666666666666666,0.7214514407684094,174000.0,6963064.0,15.0,0.9999999999999994,3.7028189392441987E-20,252372.40000000002,407.72956723789025,432446.93333333335,30945.010305071028,311.53333333333336,22.225682270314046,156.26666666666668,11.112841135157023,156.26666666666668,11.112841135157023,17.2,1.2071217242444345,0.0,0.0,0.0,0.0,1.0,0.0
175000.0,29.75,3.3897820491498966E-5,175000.0,0.8476465263634306,0.3524878794759302,0.962,0.22207664592204324,0.9820590207914152,0.018329938900203666,0.5696558673411503,0.3333333333333333,0.2916489135066037,175000.0,7038408.0,15.0,0.9994363994466153,5.6360055338464E-4,254024.0,413.7801348542467,437430.39999999997,29597.463551556488,314.73333333333335,21.47246298556983,157.86666666666667,10.736231492784915,157.86666666666667,10.736231492784915,17.2,1.2071217242444345,0.0,0.0,0.0,0.0,1.0,0.0
176000.0,30.046875,3.444060751159366E-5,176000.0,0.9363912124276128,0.38943960350963563,0.967,0.21978437677321663,0.8476465263634306,0.011122345803842264,0.6649332490980157,0.45454545454545453,0.3820619214810085,176000.0,7067376.0,15.0,0.999999843696937,1.5630306297379697E-7,255448.3333333333,415.7763249404131,439346.6666666667,29100.77539140414,316.0666666666666,21.338987345991402,158.5333333333333,10.669493672995701,158.5333333333333,10.669493672995701,17.2,1.2071217242444345,0.0,0.0,0.0,0.0,1.0,0.0
177000.0,30.375,3.5044464651340006E-5,177000.0,0.8607757926927411,0.36290426129258524,0.959,0.17644223043547955,0.9363912124276128,0.019367991845056064,0.5058804373565441,0.2631578947368421,0.22945423656827263,177000.0,7113728.0,15.0,0.9999885461908155,1.145380918436165E-5,257058.4,434.4493723586872,442411.73333333334,30602.115163747065,318.6,20.924353548642106,159.8,10.462176774321053,159.8,10.462176774321053,17.2,1.2071217242444345,0.0,0.0,0.0,0.0,1.0,0.0
178000.0,30.703125,3.565303738772249E-5,178000.0,0.9426389213623256,0.7076542468904894,0.966,0.3576907091850227,0.8607757926927411,0.013171225937183385,0.8631746823815993,0.7692307692307693,0.35828650196161527,178000.0,7169280.0,15.0,0.9589749066628125,0.0410250933371875,258471.66666666666,428.48615024570387,446087.4666666666,29501.946700579098,319.93333333333334,20.380195802601623,160.46666666666667,10.190097901300812,160.46666666666667,10.190097901300812,17.2,1.2071217242444345,0.0,0.0,0.0,0.0,1.0,0.0
179000.0,31.0625,3.632236449953376E-5,179000.0,0.8957913306451613,0.5119016676233127,0.962,0.16284807895664544,0.9426389213623256,0.008064516129032258,0.6948833738303187,0.5,0.27937281491683447,179000.0,7199344.0,15.0,0.9999999999999994,3.8582510062933193E-16,259780.2666666667,436.859484873346,448075.73333333334,28383.29035457977,321.00000000000006,20.632844828435204,161.00000000000003,10.316422414217602,161.00000000000003,10.316422414217602,17.2,1.2071217242444345,0.0,0.0,0.0,0.0,1.0,0.0
180000.0,31.390625,3.6935981511811007E-5,180000.0,0.8234343434343434,0.4841527857145502,0.962,0.1607773851590096,0.8957913306451613,0.010101010101010102,0.6221500679664892,0.4,0.2761138744840711,180000.0,7228704.0,15.0,0.9999423236662048,5.767633379516292E-5,261191.7333333333,436.8004556948647,450012.26666666666,28313.060468036067,323.5333333333333,20.653144577821102,162.26666666666665,10.326572288910551,162.26666666666665,10.326572288910551,17.2,1.2071217242444345,0.0,0.0,0.0,0.0,1.0,0.0
181000.0,31.71875,3.755300687367304E-5,181000.0,0.9385858585858586,0.63728040322426,0.977,0.40135346173867736,0.8234343434343434,0.010101010101010102,0.8848899948752404,0.8,0.5598900518025162,181000.0,7268856.0,15.0,0.9992880258658102,7.119741341896752E-4,262568.8,449.32126591115394,452665.60000000003,29235.149286921227,325.1333333333333,20.955281184556064,163.06666666666666,10.477640592278032,163.06666666666666,10.477640592278032,17.2,1.2071217242444345,0.0,0.0,0.0,0.0,1.0,0.0
182000.0,32.03125,3.814517345745117E-5,182000.0,0.8745226404800873,0.416889273745632,0.97,0.27265674247199867,0.9385858585858586,0.013171225937183385,0.6714039464390253,0.46153846153846156,0.42356418918918887,182000.0,7324808.0,15.0,0.9405316078719375,0.059468392128062396,264076.93333333335,471.12622916742924,456364.8,30408.10385219234,327.53333333333336,21.266562173202008,164.26666666666668,10.633281086601004,164.26666666666668,10.633281086601004,17.2,1.2071217242444345,0.0,0.0,0.0,0.0,1.0,0.0
183000.0,32.359375,3.877095296047629E-5,183000.0,0.8619240799768183,0.6146758536558217,0.977,0.45482127619228174,0.8745226404800873,0.014198782961460446,0.8369716769076019,0.7142857142857143,0.5562934851359898,183000.0,7371984.0,15.0,0.8970718777731927,0.10292812222680735,265557.06666666665,484.9261308497948,459482.6666666666,29648.69379600936,329.8,21.2172436610279,165.4,10.60862183051395,165.4,10.60862183051395,17.2,1.2071217242444345,0.0,0.0,0.0,0.0,1.0,0.0
184000.0,32.6875,3.939827128003042E-5,184000.0,0.8655493951612904,0.45151305341346065,0.971,0.20626231661922445,0.8619240799768183,0.008064516129032258,0.6981398094568072,0.5,0.437960817358331,184000.0,7390112.0,15.0,0.9999822986955685,1.770130443129206E-5,266893.6666666666,471.9668067424539,460673.0666666666,28735.74083030864,332.73333333333335,21.63154662810335,166.86666666666667,10.815773314051675,166.86666666666667,10.815773314051675,17.2,1.2071217242444345,0.0,0.0,0.0,0.0,1.0,0.0
185000.0,33.03125,4.0059571102675476E-5,185000.0,0.849661919148324,0.5919173693656509,0.972,0.21335056470191813,0.8655493951612904,0.007049345417925478,0.7463525656205084,0.5714285714285714,0.45479423218608533,185000.0,7436320.0,15.0,0.9612579510294492,0.03874204897055078,268149.26666666666,454.2344370581318,463726.93333333335,29131.216500190174,334.59999999999997,21.622739353348763,167.79999999999998,10.811369676674381,167.79999999999998,10.811369676674381,17.266666666666666,1.3345232785352164,0.0,0.0,0.0,0.0,1.0,0.0
186000.0,33.40625,4.0786797439472554E-5,186000.0,0.9242067496356093,0.4171012200725878,0.965,0.17429461168255056,0.849661919148324,0.009081735620585268,0.6564983025894557,0.4444444444444444,0.31545741324921095,186000.0,7496192.0,15.0,0.9999226398258487,7.73601741513841E-5,269537.4,460.77292207147747,467689.06666666665,29343.322139960976,336.0666666666666,21.959269655649386,168.5333333333333,10.979634827824693,168.5333333333333,10.979634827824693,17.266666666666666,1.3345232785352164,0.0,0.0,0.0,0.0,1.0,0.0
187000.0,33.734375,4.1425975375912264E-5,187000.0,0.9104697122897325,0.41774409674044055,0.969,0.1923718215923312,0.9242067496356093,0.011122345803842264,0.5956609968462714,0.36363636363636365,0.3911353849385557,187000.0,7529824.0,15.0,0.9999999999181128,8.188705776815096E-11,270983.13333333336,453.9570254466614,469909.86666666664,28673.37105565438,338.2,21.163310570081286,169.6,10.581655285040643,169.6,10.581655285040643,17.266666666666666,1.3345232785352164,0.0,0.0,0.0,0.0,1.0,0.0
188000.0,34.0625,4.206900918183642E-5,188000.0,0.733468286099865,0.35211956274543593,0.97,0.2371847030105776,0.9104697122897325,0.012145748987854251,0.6379396026052935,0.4166666666666667,0.40837092206021197,188000.0,7575248.0,15.0,0.8829789169257091,0.11702108307429086,272506.19999999995,456.7586421107586,472913.06666666665,28826.710608309764,340.99999999999994,21.646510771286646,170.99999999999997,10.823255385643323,170.99999999999997,10.823255385643323,17.266666666666666,1.3345232785352164,0.0,0.0,0.0,0.0,1.0,0.0
189000.0,34.375,4.26856986531574E-5,189000.0,0.8974358974358975,0.3457854557695419,0.959,0.11093763552779741,0.733468286099865,0.013171225937183385,0.472780244607759,0.23076923076923078,0.1882463859208037,189000.0,7628144.0,15.0,0.9992241204206409,7.75879579359074E-4,274021.86666666664,440.06734333130765,476416.0,28213.77236133344,342.6,22.067429133712622,171.8,11.033714566856311,171.8,11.033714566856311,17.333333333333332,1.345185418269098,0.0,0.0,0.0,0.0,1.0,0.0
190000.0,34.71875,4.336770882623064E-5,190000.0,0.8791582661290323,0.5570957353559217,0.975,0.2767877806063414,0.8974358974358975,0.008064516129032258,0.7817538697718265,0.625,0.5028260414486078,190000.0,7669208.0,15.0,0.9999904931389715,9.506861028495297E-6,275343.9333333333,434.9527834254251,479130.6666666666,28705.403480048513,344.3333333333333,22.3308456325923,172.66666666666666,11.16542281629615,172.66666666666666,11.16542281629615,17.400000000000002,1.4040757000349278,0.0,0.0,0.0,0.0,1.0,0.0
191000.0,35.0625,4.405345612516007E-5,191000.0,0.8887279049550855,0.4688359108400358,0.964,0.2651861528412818,0.8791582661290323,0.014198782961460446,0.6966305460192359,0.5,0.2813545150501663,191000.0,7711232.0,15.0,0.9996242844839117,3.757155160882549E-4,276874.19999999995,436.05818746717176,481908.2666666667,29504.266479532045,346.33333333333337,22.3564201921847,173.66666666666669,11.17821009609235,173.66666666666669,11.17821009609235,17.466666666666665,1.3557637102737472,0.0,0.0,0.0,0.0,1.0,0.0
192000.0,35.40625,4.474188763803493E-5,192000.0,0.9899295065458208,0.7113204557096038,0.976,0.32572905545878694,0.8887279049550855,0.007049345417925478,0.9150352991108615,0.8571428571428571,0.5187467362924283,192000.0,7741416.0,15.0,0.9065099793909024,0.09349002060909761,278209.93333333335,448.7004197308775,483897.6,29549.212676966054,348.8666666666667,22.45588267396022,174.93333333333334,11.22794133698011,174.93333333333334,11.22794133698011,17.466666666666665,1.3557637102737472,0.0,0.0,0.0,0.0,1.0,0.0
193000.0,35.75,4.543482817502486E-5,193000.0,0.8205954795711388,0.40101872922514736,0.965,0.24038545012588022,0.9899295065458208,0.014198782961460446,0.6456281435913092,0.42857142857142855,0.29554698091563164,193000.0,7792120.0,15.0,0.9998062030449503,1.93796955049757E-4,279709.5333333333,459.8597405213749,487245.3333333333,30889.421903360533,352.2,23.686041700304663,176.6,11.843020850152332,176.6,11.843020850152332,17.466666666666665,1.3557637102737472,0.0,0.0,0.0,0.0,1.0,0.0
194000.0,36.078125,4.610007635266004E-5,194000.0,0.9827297116029511,0.6681894401252128,0.974,0.2276615969581774,0.8205954795711388,0.006036217303822937,0.806579250408666,0.6666666666666666,0.4743095362167786,194000.0,7836944.0,15.0,0.9999999999999994,1.4841049763110727E-22,280924.4,444.73745063802215,490210.13333333336,31534.96373838017,353.2666666666667,23.77113095051783,177.13333333333335,11.885565475258915,177.13333333333335,11.885565475258915,17.466666666666665,1.3557637102737472,0.0,0.0,0.0,0.0,1.0,0.0
195000.0,36.4375,4.683221066241257E-5,195000.0,0.9351515151515152,0.4637228367673872,0.965,0.20993227990970792,0.9827297116029511,0.010101010101010102,0.6963106238227914,0.5,0.28943258719416903,195000.0,7874904.0,15.0,0.9990272750036073,9.727249963927637E-4,282235.8666666667,446.7392762589598,492720.5333333333,31432.60770479931,354.59999999999997,23.30174732871826,177.79999999999998,11.65087366435913,177.79999999999998,11.65087366435913,17.466666666666665,1.3557637102737472,0.0,0.0,0.0,0.0,1.0,0.0
196000.0,36.828125,4.763220058521257E-5,196000.0,0.8373235887096774,0.3515307459333444,0.973,0.11856881692348091,0.9351515151515152,0.008064516129032258,0.49467935199513086,0.25,0.44949547487776936,196000.0,7916384.0,15.0,0.9999950020041948,4.997995805289308E-6,283518.06666666665,427.4872540567159,495459.73333333334,31936.25634976797,357.4,22.554062035157088,179.2,11.277031017578544,179.2,11.277031017578544,17.53333333333333,1.4573295865416045,0.0,0.0,0.0,0.0,1.0,0.0
197000.0,37.171875,4.834089424952659E-5,197000.0,0.8966497461928934,0.4412686664361887,0.968,0.22311240592376835,0.8373235887096774,0.015228426395939087,0.5708662933411784,0.3333333333333333,0.3452430411300362,197000.0,7969264.0,15.0,0.9833225727276488,0.016677427272351258,285067.93333333335,437.52672843522015,498955.2,29572.24966368688,360.06666666666666,22.44824735973411,180.53333333333333,11.224123679867056,180.53333333333333,11.224123679867056,17.53333333333333,1.4573295865416045,0.0,0.0,0.0,0.0,1.0,0.0
198000.0,37.53125,4.908583841622912E-5,198000.0,0.9445454545454546,0.6094684570840486,0.975,0.3492972410203015,0.8966497461928934,0.010101010101010102,0.8273115763993905,0.7,0.4864079684581856,198000.0,8012688.0,15.0,0.9990301777964556,9.698222035443735E-4,286405.06666666665,436.9745770092088,501826.6666666667,30501.922774677354,361.6666666666667,22.661063733280695,181.33333333333334,11.330531866640348,181.33333333333334,11.330531866640348,17.53333333333333,1.4573295865416045,0.0,0.0,0.0,0.0,1.0,0.0
199000.0,37.90625,4.986497512113097E-5,199000.0,0.8152246814218645,0.37698122159448555,0.974,0.1795001262307475,0.9445454545454546,0.006036217303822937,0.6988780891550443,0.5,0.4635006221484852,199000.0,8031280.0,15.0,0.9999997093678583,2.906321416842153E-7,287653.13333333336,448.59731651108115,503049.60000000003,31041.275408259702,364.2,22.863570524807738,182.6,11.431785262403869,182.6,11.431785262403869,17.53333333333333,1.4573295865416045,0.0,0.0,0.0,0.0,1.0,0.0
200000.0,38.265625,5.0617357677159226E-5,200000.0,0.8522514746079701,0.49360122865125217,0.976,0.24170616113743904,0.8152246814218645,0.007049345417925478,0.7478930266311863,0.5714285714285714,0.5026422132421511,200000.0,8092696.0,15.0,0.9977363949847285,0.0022636050152713555,288915.0,429.29676715031667,507109.3333333333,30863.589224351785,366.73333333333335,22.410031767258243,183.86666666666667,11.205015883629121,183.86666666666667,11.205015883629121,17.53333333333333,1.4573295865416045,0.0,0.0,0.0,0.0,1.0,0.0
